# == Iter    0 ==
Timepoint   	           1	           2
0.000000e+00	0.000000e+00	0.000000e+00
1.000000e-04	3.473701e-05	1.137057e-09
1.010000e-02	3.510841e-03	1.159792e-05
1.311774e-01	4.598520e-02	1.954163e-03
4.908142e-01	1.760239e-01	2.725406e-02
7.898590e-01	2.861676e-01	7.013774e-02
1.092064e+00	3.944230e-01	1.324951e-01
1.411439e+00	4.987674e-01	2.168225e-01
1.755358e+00	5.912098e-01	3.244285e-01
2.134051e+00	6.601480e-01	4.555697e-01
2.573165e+00	6.900814e-01	6.115798e-01
2.814102e+00	6.840724e-01	6.937205e-01
3.053990e+00	6.645230e-01	7.702578e-01
3.280115e+00	6.364162e-01	8.361166e-01
3.494593e+00	6.040752e-01	8.920991e-01
3.705985e+00	5.699389e-01	9.407800e-01
3.915636e+00	5.370861e-01	9.828292e-01
4.135191e+00	5.072278e-01	1.020837e+00
4.351702e+00	4.856458e-01	1.053359e+00
4.578833e+00	4.745582e-01	1.083803e+00
5.233648e+00	5.281124e-01	1.170038e+00
5.456896e+00	5.773406e-01	1.206099e+00
5.669880e+00	6.375166e-01	1.246796e+00
5.876694e+00	7.062380e-01	1.293557e+00
6.089864e+00	7.848887e-01	1.350220e+00
6.295858e+00	8.652543e-01	1.413662e+00
6.503451e+00	9.470859e-01	1.486284e+00
7.047798e+00	1.139574e+00	1.713646e+00
7.501688e+00	1.243814e+00	1.930553e+00
7.989073e+00	1.274668e+00	2.166885e+00
8.230777e+00	1.258237e+00	2.277294e+00
8.474294e+00	1.223506e+00	2.380039e+00
8.706177e+00	1.177434e+00	2.467951e+00
8.928903e+00	1.125794e+00	2.542168e+00
9.147992e+00	1.072769e+00	2.605083e+00
9.366014e+00	1.022755e+00	2.658158e+00
9.931441e+00	9.393620e-01	2.760874e+00
1.039573e+01	9.560633e-01	2.828648e+00
1.082742e+01	1.055816e+00	2.903339e+00
1.127552e+01	1.235735e+00	3.015357e+00
1.169807e+01	1.449201e+00	3.167023e+00
1.211088e+01	1.662053e+00	3.361663e+00
1.253100e+01	1.843832e+00	3.599564e+00
1.297633e+01	1.961960e+00	3.876967e+00
1.348987e+01	1.978159e+00	4.194641e+00
1.404586e+01	1.864976e+00	4.491276e+00
1.452117e+01	1.710749e+00	4.681491e+00
1.495518e+01	1.580125e+00	4.802135e+00
1.538301e+01	1.509678e+00	4.884756e+00
1.584043e+01	1.536728e+00	4.959725e+00
1.609964e+01	1.605451e+00	5.008786e+00
1.634288e+01	1.703465e+00	5.066044e+00
1.657105e+01	1.820873e+00	5.133567e+00
1.679776e+01	1.956291e+00	5.216638e+00
1.701672e+01	2.098328e+00	5.313542e+00
1.723567e+01	2.244223e+00	5.427292e+00
1.780615e+01	2.589006e+00	5.795579e+00
1.827949e+01	2.771577e+00	6.154434e+00
1.878515e+01	2.814992e+00	6.544179e+00
1.938899e+01	2.671362e+00	6.949321e+00
1.988760e+01	2.461092e+00	7.194957e+00
1.992639e+01	2.444037e+00	7.210301e+00
1.999416e+01	2.414558e+00	7.235848e+00
2.009186e+01	2.373192e+00	7.269911e+00
2.018371e+01	2.336068e+00	7.299083e+00
2.058078e+01	2.208731e+00	7.398011e+00
2.102008e+01	2.161754e+00	7.474814e+00
2.153278e+01	2.259009e+00	7.564666e+00
2.206482e+01	2.509711e+00	7.709609e+00
2.253622e+01	2.796080e+00	7.909803e+00
2.298551e+01	3.054340e+00	8.165106e+00
2.344398e+01	3.240302e+00	8.471887e+00
2.394604e+01	3.307520e+00	8.822810e+00
2.442679e+01	3.232223e+00	9.129971e+00
2.492720e+01	3.046875e+00	9.381958e+00
2.539460e+01	2.837656e+00	9.538942e+00
2.584454e+01	2.666063e+00	9.623567e+00
2.630069e+01	2.571738e+00	9.664007e+00
2.679996e+01	2.589721e+00	9.692285e+00
2.707143e+01	2.651380e+00	9.715036e+00
2.733859e+01	2.740739e+00	9.749490e+00
2.759364e+01	2.844597e+00	9.796913e+00
2.785287e+01	2.959314e+00	9.861365e+00
2.810357e+01	3.069598e+00	9.939284e+00
2.835790e+01	3.171623e+00	1.003247e+01
2.903697e+01	3.338838e+00	1.032569e+01
2.963764e+01	3.315317e+00	1.058417e+01
3.024069e+01	3.151325e+00	1.078123e+01
3.075989e+01	2.961686e+00	1.087537e+01
3.124156e+01	2.808004e+00	1.090237e+01
3.172487e+01	2.721379e+00	1.089008e+01
3.225459e+01	2.729115e+00	1.086413e+01
3.294669e+01	2.878273e+00	1.086724e+01
3.351580e+01	3.049360e+00	1.092999e+01
3.403653e+01	3.175333e+00	1.103228e+01
3.457198e+01	3.226098e+00	1.115902e+01
3.514094e+01	3.174818e+00	1.128168e+01
3.572575e+01	3.034691e+00	1.135967e+01
3.625567e+01	2.881882e+00	1.137358e+01
3.676074e+01	2.762528e+00	1.134156e+01
3.727736e+01	2.702296e+00	1.128182e+01
3.786811e+01	2.723978e+00	1.121212e+01
3.850667e+01	2.827659e+00	1.117055e+01
3.907518e+01	2.935659e+00	1.117673e+01
3.962234e+01	3.002862e+00	1.121316e+01
4.020843e+01	3.001204e+00	1.126126e+01
4.052272e+01	2.967007e+00	1.128051e+01
4.083110e+01	2.915020e+00	1.128985e+01
4.112259e+01	2.854419e+00	1.128764e+01
4.141287e+01	2.789117e+00	1.127377e+01
4.169313e+01	2.727287e+00	1.124953e+01
4.197531e+01	2.671683e+00	1.121558e+01
4.272405e+01	2.585966e+00	1.109640e+01
4.339226e+01	2.599611e+00	1.098839e+01
4.406317e+01	2.669784e+00	1.091081e+01
4.466172e+01	2.732545e+00	1.087499e+01
4.524879e+01	2.754951e+00	1.085952e+01
4.591687e+01	2.712491e+00	1.083996e+01
4.660049e+01	2.610113e+00	1.079008e+01
4.720258e+01	2.508050e+00	1.071085e+01
4.777307e+01	2.434748e+00	1.061092e+01
4.836971e+01	2.402422e+00	1.049624e+01
4.878240e+01	2.406872e+00	1.042047e+01
4.914252e+01	2.423625e+00	1.036114e+01
4.947136e+01	2.444030e+00	1.031402e+01
5.029288e+01	2.482690e+00	1.022384e+01
5.098598e+01	2.468159e+00	1.016229e+01
5.146381e+01	2.427803e+00	1.011476e+01
5.206323e+01	2.353958e+00	1.003866e+01
5.266062e+01	2.276687e+00	9.941158e+00
5.325593e+01	2.218692e+00	9.827656e+00
5.389470e+01	2.191185e+00	9.700676e+00
5.437753e+01	2.192399e+00	9.609987e+00
5.499701e+01	2.207759e+00	9.507438e+00
5.563067e+01	2.218005e+00	9.418786e+00
5.629260e+01	2.202911e+00	9.335166e+00
5.676999e+01	2.172121e+00	9.273050e+00
5.716331e+01	2.136874e+00	9.217081e+00
5.751282e+01	2.101507e+00	9.162425e+00
5.837293e+01	2.019697e+00	9.008652e+00
5.908974e+01	1.978377e+00	8.869102e+00
5.960150e+01	1.967330e+00	8.771442e+00
6.002163e+01	1.966347e+00	8.695925e+00
6.039782e+01	1.967879e+00	8.632842e+00
6.076270e+01	1.968209e+00	8.575624e+00
6.172542e+01	1.945993e+00	8.435821e+00
6.269790e+01	1.882358e+00	8.289786e+00
6.350576e+01	1.818921e+00	8.152442e+00
6.422473e+01	1.775353e+00	8.020839e+00
6.498326e+01	1.751065e+00	7.882366e+00
6.585935e+01	1.740599e+00	7.734315e+00
6.664785e+01	1.727346e+00	7.613576e+00
6.744676e+01	1.696271e+00	7.495836e+00
6.837733e+01	1.640948e+00	7.352260e+00
6.918198e+01	1.592954e+00	7.218758e+00
6.994677e+01	1.560017e+00	7.088372e+00
7.041482e+01	1.547063e+00	7.010033e+00
7.089759e+01	1.537569e+00	6.932084e+00
7.133035e+01	1.530127e+00	6.865141e+00
7.175121e+01	1.521782e+00	6.802483e+00
7.288566e+01	1.484383e+00	6.639524e+00
7.336223e+01	1.462028e+00	6.570432e+00
7.379201e+01	1.440313e+00	6.506667e+00
7.420132e+01	1.419844e+00	6.444582e+00
7.525801e+01	1.376268e+00	6.281212e+00
7.580793e+01	1.360676e+00	6.197374e+00
7.714828e+01	1.331446e+00	6.005018e+00
7.825087e+01	1.298248e+00	5.856519e+00
7.877308e+01	1.277969e+00	5.786257e+00
7.923941e+01	1.258771e+00	5.722682e+00
7.968067e+01	1.240921e+00	5.661762e+00
8.082315e+01	1.202287e+00	5.503214e+00
8.201858e+01	1.174106e+00	5.343657e+00
8.309024e+01	1.148560e+00	5.208994e+00
8.367577e+01	1.131367e+00	5.137212e+00
8.514918e+01	1.082334e+00	4.955822e+00
8.636640e+01	1.047729e+00	4.805868e+00
8.715286e+01	1.030011e+00	4.711949e+00
8.808899e+01	1.009787e+00	4.604565e+00
8.909820e+01	9.847181e-01	4.492572e+00
8.992441e+01	9.616515e-01	4.401770e+00
9.085368e+01	9.361027e-01	4.299737e+00
9.184371e+01	9.124823e-01	4.192423e+00
9.326417e+01	8.835493e-01	4.044733e+00
9.459367e+01	8.546053e-01	3.912906e+00
9.605295e+01	8.201971e-01	3.771047e+00
9.740238e+01	7.919322e-01	3.642554e+00
9.894104e+01	7.635282e-01	3.502634e+00
1.004955e+02	7.330377e-01	3.367443e+00
1.019712e+02	7.040138e-01	3.242187e+00
1.035307e+02	6.770696e-01	3.114382e+00
1.050777e+02	6.513795e-01	2.993623e+00
1.066755e+02	6.238942e-01	2.873289e+00
1.082709e+02	5.984086e-01	2.756962e+00
1.098692e+02	5.749570e-01	2.645609e+00
1.110806e+02	5.570429e-01	2.564422e+00
1.121167e+02	5.417562e-01	2.496629e+00
1.129786e+02	5.295499e-01	2.441369e+00
1.153342e+02	4.986986e-01	2.296763e+00
1.179119e+02	4.659038e-01	2.148369e+00
1.205532e+02	4.352395e-01	2.005813e+00
1.231324e+02	4.067321e-01	1.875856e+00
1.257775e+02	3.797779e-01	1.751006e+00
1.282618e+02	3.558651e-01	1.641434e+00
1.307401e+02	3.336232e-01	1.538742e+00
1.326385e+02	3.175343e-01	1.464527e+00
1.349554e+02	2.988275e-01	1.378667e+00
1.370479e+02	2.830165e-01	1.305461e+00
1.392047e+02	2.674803e-01	1.234071e+00
1.416586e+02	2.509013e-01	1.157521e+00
1.438435e+02	2.369919e-01	1.093397e+00
1.472455e+02	2.168494e-01	1.000493e+00
1.500000e+02	2.017917e-01	9.310953e-01


# == Iter    1 ==
Timepoint   	           1	           2
0.000000e+00	0.000000e+00	0.000000e+00
1.000000e-04	3.473702e-05	1.143108e-09
1.010000e-02	3.510907e-03	1.165944e-05
1.310333e-01	4.594578e-02	1.959818e-03
4.892269e-01	1.756185e-01	2.720211e-02
7.870308e-01	2.856223e-01	6.993239e-02
1.087967e+00	3.939853e-01	1.320326e-01
1.405968e+00	4.988040e-01	2.159883e-01
1.748327e+00	5.922476e-01	3.231118e-01
2.125116e+00	6.629018e-01	4.536742e-01
2.561338e+00	6.955378e-01	6.089492e-01
2.804377e+00	6.910771e-01	6.920668e-01
3.045194e+00	6.728332e-01	7.691690e-01
3.271758e+00	6.457929e-01	8.354022e-01
3.486582e+00	6.142908e-01	8.916910e-01
3.698184e+00	5.808247e-01	9.406043e-01
3.908007e+00	5.484717e-01	9.828342e-01
4.127739e+00	5.189656e-01	1.020979e+00
4.344338e+00	4.975877e-01	1.053566e+00
4.571378e+00	4.865831e-01	1.083996e+00
5.224148e+00	5.395568e-01	1.169610e+00
5.448547e+00	5.888984e-01	1.205625e+00
5.662297e+00	6.493211e-01	1.246243e+00
5.869606e+00	7.184041e-01	1.292908e+00
6.083051e+00	7.975433e-01	1.349451e+00
6.289274e+00	8.785602e-01	1.412804e+00
6.497018e+00	9.612116e-01	1.485356e+00
7.041592e+00	1.156656e+00	1.712698e+00
7.495681e+00	1.264105e+00	1.929859e+00
7.982680e+00	1.298679e+00	2.166396e+00
8.225472e+00	1.283966e+00	2.277543e+00
8.469789e+00	1.250733e+00	2.380845e+00
8.702311e+00	1.205880e+00	2.469164e+00
8.925796e+00	1.155178e+00	2.543735e+00
9.145484e+00	1.102940e+00	2.606861e+00
9.364124e+00	1.053576e+00	2.660068e+00
9.931295e+00	9.715872e-01	2.762871e+00
1.039753e+01	9.897233e-01	2.830756e+00
1.083067e+01	1.091362e+00	2.905818e+00
1.127983e+01	1.273568e+00	3.018657e+00
1.170343e+01	1.489417e+00	3.171598e+00
1.211728e+01	1.704547e+00	3.367814e+00
1.253857e+01	1.888363e+00	3.607437e+00
1.298553e+01	2.008161e+00	3.886602e+00
1.350302e+01	2.025260e+00	4.206590e+00
1.405643e+01	1.913937e+00	4.500493e+00
1.453130e+01	1.762151e+00	4.688997e+00
1.496627e+01	1.634168e+00	4.808524e+00
1.539610e+01	1.567207e+00	4.890543e+00
1.585744e+01	1.599808e+00	4.966097e+00
1.610941e+01	1.669285e+00	5.014253e+00
1.635151e+01	1.768749e+00	5.071813e+00
1.658008e+01	1.888009e+00	5.140171e+00
1.680766e+01	2.025498e+00	5.224477e+00
1.702746e+01	2.169440e+00	5.322806e+00
1.724732e+01	2.317091e+00	5.438185e+00
1.782038e+01	2.665096e+00	5.811165e+00
1.829637e+01	2.848351e+00	6.173664e+00
1.880714e+01	2.890260e+00	6.567122e+00
1.940024e+01	2.749154e+00	6.962717e+00
1.989605e+01	2.542860e+00	7.205064e+00
1.997745e+01	2.507774e+00	7.236367e+00
1.999426e+01	2.500614e+00	7.242542e+00
2.008850e+01	2.461235e+00	7.275387e+00
2.017971e+01	2.424791e+00	7.304400e+00
2.057874e+01	2.298272e+00	7.403815e+00
2.102004e+01	2.252476e+00	7.480737e+00
2.153542e+01	2.352296e+00	7.571050e+00
2.206967e+01	2.606750e+00	7.717427e+00
2.254317e+01	2.896794e+00	7.919994e+00
2.299448e+01	3.157987e+00	8.178160e+00
2.345526e+01	3.345812e+00	8.487940e+00
2.396107e+01	3.413394e+00	8.841920e+00
2.443942e+01	3.338578e+00	9.146536e+00
2.493889e+01	3.155141e+00	9.396124e+00
2.540723e+01	2.948108e+00	9.551261e+00
2.585927e+01	2.779320e+00	9.634275e+00
2.631869e+01	2.689159e+00	9.673660e+00
2.682415e+01	2.713893e+00	9.702424e+00
2.747671e+01	2.916642e+00	9.782059e+00
2.801429e+01	3.153818e+00	9.919243e+00
2.850558e+01	3.347737e+00	1.010214e+01
2.900448e+01	3.462354e+00	1.032186e+01
2.957270e+01	3.455505e+00	1.056979e+01
3.018360e+01	3.303528e+00	1.077821e+01
3.071127e+01	3.113836e+00	1.088143e+01
3.119759e+01	2.955348e+00	1.091360e+01
3.168245e+01	2.861649e+00	1.090365e+01
3.220872e+01	2.860580e+00	1.087759e+01
3.274518e+01	2.959686e+00	1.087084e+01
3.328346e+01	3.116786e+00	1.090975e+01
3.379762e+01	3.262546e+00	1.099418e+01
3.431704e+01	3.352723e+00	1.111163e+01
3.489326e+01	3.350344e+00	1.124655e+01
3.556916e+01	3.219887e+00	1.135976e+01
3.614007e+01	3.057308e+00	1.139005e+01
3.665820e+01	2.925856e+00	1.136581e+01
3.717467e+01	2.851301e+00	1.130963e+01
3.774540e+01	2.854639e+00	1.124015e+01
3.843497e+01	2.955825e+00	1.118827e+01
3.902690e+01	3.069321e+00	1.119087e+01
3.958169e+01	3.142120e+00	1.122661e+01
4.016681e+01	3.146723e+00	1.127551e+01
4.077518e+01	3.068655e+00	1.130676e+01
4.136498e+01	2.943205e+00	1.129486e+01
4.191264e+01	2.826202e+00	1.124194e+01
4.245223e+01	2.747214e+00	1.116070e+01
4.303124e+01	2.723926e+00	1.106286e+01
4.344555e+01	2.744693e+00	1.099937e+01
4.378441e+01	2.777662e+00	1.095691e+01
4.409395e+01	2.813475e+00	1.092725e+01
4.487251e+01	2.885881e+00	1.088783e+01
4.552743e+01	2.885148e+00	1.087350e+01
4.605533e+01	2.834227e+00	1.085357e+01
4.665396e+01	2.739324e+00	1.080519e+01
4.723056e+01	2.641482e+00	1.072735e+01
4.779846e+01	2.569237e+00	1.062717e+01
4.840150e+01	2.537743e+00	1.051141e+01
4.884060e+01	2.543744e+00	1.043177e+01
4.920467e+01	2.561400e+00	1.037328e+01
4.953520e+01	2.581647e+00	1.032747e+01
5.036462e+01	2.615986e+00	1.023964e+01
5.107221e+01	2.594075e+00	1.017709e+01
5.143059e+01	2.562367e+00	1.014132e+01
5.177394e+01	2.522265e+00	1.010115e+01
5.209889e+01	2.479367e+00	1.005660e+01
5.291242e+01	2.377560e+00	9.917905e+00
5.358588e+01	2.327145e+00	9.785252e+00
5.431788e+01	2.317214e+00	9.644439e+00
5.505844e+01	2.333576e+00	9.522209e+00
5.573586e+01	2.340713e+00	9.429550e+00
5.642561e+01	2.317805e+00	9.342944e+00
5.691440e+01	2.281093e+00	9.277934e+00
5.754123e+01	2.218575e+00	9.182729e+00
5.817528e+01	2.155031e+00	9.071064e+00
5.881614e+01	2.107819e+00	8.947753e+00
5.952648e+01	2.083938e+00	8.810721e+00
6.036177e+01	2.081731e+00	8.664217e+00
6.110760e+01	2.077519e+00	8.550136e+00
6.184569e+01	2.051305e+00	8.444516e+00
6.239580e+01	2.015589e+00	8.363188e+00
6.306598e+01	1.961759e+00	8.255272e+00
6.374065e+01	1.910190e+00	8.136246e+00
6.443242e+01	1.872570e+00	8.008717e+00
6.524899e+01	1.851134e+00	7.862158e+00
6.607647e+01	1.840717e+00	7.726607e+00
6.685116e+01	1.822405e+00	7.610234e+00
6.769515e+01	1.782371e+00	7.485356e+00
6.855580e+01	1.727520e+00	7.350130e+00
6.933192e+01	1.681618e+00	7.220045e+00
7.010581e+01	1.649791e+00	7.088335e+00
7.061838e+01	1.636404e+00	7.003599e+00
7.107734e+01	1.627252e+00	6.930806e+00
7.150490e+01	1.618835e+00	6.865784e+00
7.260805e+01	1.585720e+00	6.706202e+00
7.309791e+01	1.563786e+00	6.635885e+00
7.355219e+01	1.540690e+00	6.569382e+00
7.397346e+01	1.518532e+00	6.506227e+00
7.503137e+01	1.469507e+00	6.343125e+00
7.599866e+01	1.439755e+00	6.195704e+00
7.701378e+01	1.416302e+00	6.050327e+00
7.795091e+01	1.388827e+00	5.923413e+00
8.010513e+01	1.301416e+00	5.629295e+00
8.069834e+01	1.281219e+00	5.546893e+00
8.127263e+01	1.265130e+00	5.468468e+00
8.182904e+01	1.251664e+00	5.394625e+00
8.312943e+01	1.218829e+00	5.230410e+00
8.440335e+01	1.176677e+00	5.074082e+00
8.553322e+01	1.137916e+00	4.934125e+00
8.658841e+01	1.108391e+00	4.804755e+00
8.717725e+01	1.094521e+00	4.734729e+00
8.772612e+01	1.082015e+00	4.671211e+00
8.826765e+01	1.069083e+00	4.610005e+00
8.982222e+01	1.025744e+00	4.438198e+00
8.996959e+01	1.021357e+00	4.421976e+00
9.083731e+01	9.962931e-01	4.326532e+00
9.180560e+01	9.717265e-01	4.221312e+00
9.339620e+01	9.371195e-01	4.055925e+00
9.489114e+01	9.019394e-01	3.908043e+00
9.630797e+01	8.670119e-01	3.770360e+00
9.767552e+01	8.376310e-01	3.640728e+00
9.914062e+01	8.089003e-01	3.508268e+00
1.007134e+02	7.759483e-01	3.371669e+00
1.008887e+02	7.722110e-01	3.356645e+00
1.019183e+02	7.509788e-01	3.269222e+00
1.031198e+02	7.285399e-01	3.169769e+00
1.038990e+02	7.148770e-01	3.107253e+00
1.046279e+02	7.020687e-01	3.050152e+00
1.068411e+02	6.619712e-01	2.882422e+00
1.090096e+02	6.262663e-01	2.725685e+00
1.107149e+02	5.997031e-01	2.609132e+00
1.124701e+02	5.723538e-01	2.493834e+00
1.138789e+02	5.519378e-01	2.404580e+00
1.152137e+02	5.336275e-01	2.323234e+00
1.160397e+02	5.223620e-01	2.274362e+00
1.168601e+02	5.111902e-01	2.226760e+00
1.177015e+02	4.999346e-01	2.178833e+00
1.185573e+02	4.888880e-01	2.131044e+00
1.197505e+02	4.741858e-01	2.066195e+00
1.208791e+02	4.606894e-01	2.006810e+00
1.218623e+02	4.490394e-01	1.956480e+00
1.229142e+02	4.367778e-01	1.903918e+00
1.254969e+02	4.085453e-01	1.780570e+00
1.272142e+02	3.907674e-01	1.703134e+00
1.293097e+02	3.699268e-01	1.613011e+00
1.312790e+02	3.515919e-01	1.532646e+00
1.333966e+02	3.327291e-01	1.450739e+00
1.356920e+02	3.134483e-01	1.366760e+00
1.383630e+02	2.924560e-01	1.275204e+00
1.406462e+02	2.755719e-01	1.201745e+00
1.432705e+02	2.574324e-01	1.122547e+00
1.456183e+02	2.421600e-01	1.056098e+00
1.479850e+02	2.277315e-01	9.930913e-01
1.500000e+02	2.160924e-01	9.424189e-01


# == Iter    2 ==
Timepoint   	           1	           2
0.000000e+00	0.000000e+00	0.000000e+00
1.000000e-04	3.473702e-05	1.167684e-09
1.010000e-02	3.510927e-03	1.190926e-05
1.299183e-01	4.555638e-02	1.966303e-03
4.822572e-01	1.731922e-01	2.692183e-02
7.750896e-01	2.817163e-01	6.899201e-02
1.070948e+00	3.891689e-01	1.300184e-01
1.383444e+00	4.940583e-01	2.124432e-01
1.719563e+00	5.891537e-01	3.175920e-01
2.088744e+00	6.637761e-01	4.457947e-01
2.513568e+00	7.037178e-01	5.981147e-01
2.925300e+00	6.959630e-01	7.379414e-01
3.372289e+00	6.477895e-01	8.689198e-01
3.790426e+00	5.858505e-01	9.658357e-01
4.189663e+00	5.343353e-01	1.036035e+00
4.589959e+00	5.111840e-01	1.091015e+00
5.023051e+00	5.360318e-01	1.145623e+00
5.252832e+00	5.733857e-01	1.177945e+00
5.475865e+00	6.254074e-01	1.214521e+00
5.687808e+00	6.878499e-01	1.255831e+00
5.900313e+00	7.610132e-01	1.305055e+00
6.105054e+00	8.388434e-01	1.360774e+00
6.309623e+00	9.207455e-01	1.425024e+00
6.841467e+00	1.128895e+00	1.630817e+00
7.281338e+00	1.263734e+00	1.834225e+00
7.734779e+00	1.339132e+00	2.057131e+00
8.193376e+00	1.339522e+00	2.274043e+00
8.686106e+00	1.267738e+00	2.474206e+00
9.133591e+00	1.169200e+00	2.614015e+00
9.553979e+00	1.084279e+00	2.708807e+00
9.972285e+00	1.040766e+00	2.777649e+00
1.042116e+01	1.067490e+00	2.842412e+00
1.067169e+01	1.120602e+00	2.883473e+00
1.090891e+01	1.195499e+00	2.930553e+00
1.113191e+01	1.285259e+00	2.984977e+00
1.135360e+01	1.389406e+00	3.050934e+00
1.156743e+01	1.499573e+00	3.126998e+00
1.178095e+01	1.614176e+00	3.215645e+00
1.233622e+01	1.895923e+00	3.501648e+00
1.279610e+01	2.063447e+00	3.782493e+00
1.327786e+01	2.135919e+00	4.088019e+00
1.373084e+01	2.101773e+00	4.354548e+00
1.420736e+01	1.984354e+00	4.585983e+00
1.465257e+01	1.845471e+00	4.745056e+00
1.508043e+01	1.736486e+00	4.849964e+00
1.551477e+01	1.696168e+00	4.925996e+00
1.600005e+01	1.770659e+00	5.007920e+00
1.653870e+01	2.004915e+00	5.143303e+00
1.700293e+01	2.297113e+00	5.329645e+00
1.743371e+01	2.588182e+00	5.570190e+00
1.786286e+01	2.840758e+00	5.866481e+00
1.831314e+01	3.014067e+00	6.214029e+00
1.882553e+01	3.059822e+00	6.610421e+00
1.940573e+01	2.929455e+00	6.996702e+00
1.989771e+01	2.733327e+00	7.236101e+00
1.997921e+01	2.699569e+00	7.267227e+00
2.023659e+01	2.599731e+00	7.350758e+00
2.043173e+01	2.536615e+00	7.400837e+00
2.104153e+01	2.459792e+00	7.511827e+00
2.158347e+01	2.581140e+00	7.608959e+00
2.211704e+01	2.850277e+00	7.763622e+00
2.258959e+01	3.146010e+00	7.975669e+00
2.304213e+01	3.407899e+00	8.243536e+00
2.350674e+01	3.592400e+00	8.562363e+00
2.402335e+01	3.652140e+00	8.925348e+00
2.428834e+01	3.621252e+00	9.098140e+00
2.455332e+01	3.554668e+00	9.253457e+00
2.480525e+01	3.466086e+00	9.380719e+00
2.505077e+01	3.365061e+00	9.483334e+00
2.529007e+01	3.261834e+00	9.562464e+00
2.552866e+01	3.163246e+00	9.621773e+00
2.614945e+01	2.983281e+00	9.703778e+00
2.666667e+01	2.968632e+00	9.733385e+00
2.727653e+01	3.118860e+00	9.790701e+00
2.782267e+01	3.351164e+00	9.906403e+00
2.831838e+01	3.567276e+00	1.007426e+01
2.880978e+01	3.721096e+00	1.028455e+01
2.934177e+01	3.772861e+00	1.052605e+01
2.987118e+01	3.698785e+00	1.073765e+01
3.040394e+01	3.534890e+00	1.088696e+01
3.090037e+01	3.360114e+00	1.095687e+01
3.138249e+01	3.226242e+00	1.096962e+01
3.188042e+01	3.166774e+00	1.095004e+01
3.245631e+01	3.215340e+00	1.092721e+01
3.306391e+01	3.370371e+00	1.094692e+01
3.360625e+01	3.534548e+00	1.102018e+01
3.412788e+01	3.653208e+00	1.113196e+01
3.467918e+01	3.691602e+00	1.126656e+01
3.535218e+01	3.604580e+00	1.140230e+01
3.594889e+01	3.447150e+00	1.145895e+01
3.648062e+01	3.302647e+00	1.145111e+01
3.699711e+01	3.206395e+00	1.140368e+01
3.754584e+01	3.180914e+00	1.133662e+01
3.831221e+01	3.269778e+00	1.126894e+01
3.894647e+01	3.391394e+00	1.126629e+01
3.951561e+01	3.473268e+00	1.130240e+01
4.010043e+01	3.488049e+00	1.135411e+01
4.082099e+01	3.399252e+00	1.139368e+01
4.145146e+01	3.263755e+00	1.137642e+01
4.201398e+01	3.147991e+00	1.131640e+01
4.256648e+01	3.076885e+00	1.123015e+01
4.317308e+01	3.066076e+00	1.112976e+01
4.391076e+01	3.128008e+00	1.103567e+01
4.454752e+01	3.196813e+00	1.099352e+01
4.514821e+01	3.227761e+00	1.097829e+01
4.580345e+01	3.196653e+00	1.096404e+01
4.652821e+01	3.093534e+00	1.091875e+01
4.715801e+01	2.984541e+00	1.084028e+01
4.774493e+01	2.904511e+00	1.073952e+01
4.835315e+01	2.866442e+00	1.062375e+01
4.888142e+01	2.871170e+00	1.052905e+01
4.951067e+01	2.903528e+00	1.043653e+01
5.013088e+01	2.932573e+00	1.036914e+01
5.076373e+01	2.929999e+00	1.031437e+01
5.121101e+01	2.901539e+00	1.027461e+01
5.160266e+01	2.860527e+00	1.023358e+01
5.194735e+01	2.816130e+00	1.019033e+01
5.228923e+01	2.769113e+00	1.014002e+01
5.261307e+01	2.726121e+00	1.008587e+01
5.294057e+01	2.687915e+00	1.002583e+01
5.382587e+01	2.628725e+00	9.852020e+00
5.473841e+01	2.630850e+00	9.687962e+00
5.550375e+01	2.642846e+00	9.577327e+00
5.620832e+01	2.628190e+00	9.489384e+00
5.670312e+01	2.596329e+00	9.426741e+00
5.711666e+01	2.558241e+00	9.369388e+00
5.747905e+01	2.519896e+00	9.313782e+00
5.836286e+01	2.430109e+00	9.157303e+00
5.910354e+01	2.382490e+00	9.013857e+00
5.955629e+01	2.369184e+00	8.927856e+00
5.998427e+01	2.364631e+00	8.851062e+00
6.037096e+01	2.363484e+00	8.786482e+00
6.074494e+01	2.361496e+00	8.728268e+00
6.172910e+01	2.332995e+00	8.586869e+00
6.274190e+01	2.260078e+00	8.435409e+00
6.358067e+01	2.189517e+00	8.292211e+00
6.432897e+01	2.141621e+00	8.155124e+00
6.513826e+01	2.113684e+00	8.009151e+00
6.599826e+01	2.098488e+00	7.867233e+00
6.679553e+01	2.077368e+00	7.747448e+00
6.764434e+01	2.034790e+00	7.622543e+00
6.853243e+01	1.974733e+00	7.483702e+00
6.933145e+01	1.923809e+00	7.349949e+00
7.012488e+01	1.887720e+00	7.215024e+00
7.081965e+01	1.867518e+00	7.101316e+00
7.161179e+01	1.848225e+00	6.980146e+00
7.242511e+01	1.821002e+00	6.862727e+00
7.308154e+01	1.790033e+00	6.768720e+00
7.389370e+01	1.744775e+00	6.648673e+00
7.469955e+01	1.701824e+00	6.524799e+00
7.553006e+01	1.667509e+00	6.396294e+00
7.674380e+01	1.632468e+00	6.217731e+00
7.779565e+01	1.599552e+00	6.073776e+00
7.890471e+01	1.552108e+00	5.924285e+00
7.992556e+01	1.505241e+00	5.783003e+00
8.087674e+01	1.469039e+00	5.650515e+00
8.167918e+01	1.445112e+00	5.542054e+00
8.260259e+01	1.419467e+00	5.423098e+00
8.357135e+01	1.387905e+00	5.302959e+00
8.436583e+01	1.357721e+00	5.204974e+00
8.526434e+01	1.323041e+00	5.093104e+00
8.620089e+01	1.291317e+00	4.976717e+00
8.678415e+01	1.274452e+00	4.905726e+00
8.828917e+01	1.233966e+00	4.730923e+00
8.977954e+01	1.187326e+00	4.564985e+00
9.110862e+01	1.144824e+00	4.417695e+00
9.241215e+01	1.109688e+00	4.276634e+00
9.259273e+01	1.105222e+00	4.257615e+00
9.358561e+01	1.080652e+00	4.155443e+00
9.471943e+01	1.050362e+00	4.042279e+00
9.603047e+01	1.013735e+00	3.913247e+00
9.731552e+01	9.811561e-01	3.789060e+00
9.878963e+01	9.477880e-01	3.652549e+00
1.003071e+02	9.122590e-01	3.518104e+00
1.018330e+02	8.760999e-01	3.386156e+00
1.034815e+02	8.411759e-01	3.248413e+00
1.047341e+02	8.159401e-01	3.148347e+00
1.055665e+02	7.987697e-01	3.083609e+00
1.076579e+02	7.564165e-01	2.925272e+00
1.091571e+02	7.289303e-01	2.816552e+00
1.102636e+02	7.091914e-01	2.739319e+00
1.114248e+02	6.883044e-01	2.660451e+00
1.123996e+02	6.710664e-01	2.595650e+00
1.146618e+02	6.339750e-01	2.451010e+00
1.163252e+02	6.078995e-01	2.350214e+00
1.182290e+02	5.787685e-01	2.239465e+00
1.200220e+02	5.532299e-01	2.139792e+00
1.217629e+02	5.293640e-01	2.047487e+00
1.237653e+02	5.028249e-01	1.945931e+00
1.256231e+02	4.797774e-01	1.856161e+00
1.277715e+02	4.542203e-01	1.757615e+00
1.298709e+02	4.305044e-01	1.666161e+00
1.320014e+02	4.078802e-01	1.578287e+00
1.340151e+02	3.873997e-01	1.499455e+00
1.363622e+02	3.649573e-01	1.412451e+00
1.384940e+02	3.456601e-01	1.337857e+00
1.418899e+02	3.170054e-01	1.226975e+00
1.448646e+02	2.938396e-01	1.137438e+00
1.483735e+02	2.687193e-01	1.040145e+00
1.500000e+02	2.577908e-01	9.979116e-01


# == Iter    3 ==
Timepoint   	           1	           2
0.000000e+00	0.000000e+00	0.000000e+00
1.000000e-04	3.473697e-05	1.263771e-09
1.010000e-02	3.510369e-03	1.288572e-05
1.245651e-01	4.358416e-02	1.950032e-03
4.557390e-01	1.626123e-01	2.574449e-02
7.307528e-01	2.636714e-01	6.535278e-02
1.008449e+00	3.645690e-01	1.224509e-01
1.301308e+00	4.649960e-01	1.993092e-01
1.615306e+00	5.596126e-01	2.972721e-01
1.957906e+00	6.401474e-01	4.168548e-01
2.344969e+00	6.955577e-01	5.586923e-01
2.762906e+00	7.103362e-01	7.073590e-01
3.217623e+00	6.808381e-01	8.498176e-01
3.631069e+00	6.296545e-01	9.537871e-01
4.017984e+00	5.805854e-01	1.027898e+00
4.399105e+00	5.500753e-01	1.083347e+00
4.797108e+00	5.539690e-01	1.131897e+00
5.192727e+00	6.045764e-01	1.183039e+00
5.629946e+00	7.159860e-01	1.258427e+00
6.032526e+00	8.596390e-01	1.357066e+00
6.416217e+00	1.015340e+00	1.482634e+00
6.799051e+00	1.167655e+00	1.637860e+00
7.194644e+00	1.299356e+00	1.822785e+00
7.620014e+00	1.390781e+00	2.035494e+00
8.129398e+00	1.416920e+00	2.283354e+00
8.637950e+00	1.361713e+00	2.495164e+00
9.080026e+00	1.276810e+00	2.635931e+00
9.488924e+00	1.200928e+00	2.729469e+00
9.893319e+00	1.158905e+00	2.795978e+00
1.032260e+01	1.176451e+00	2.855447e+00
1.078769e+01	1.283037e+00	2.932679e+00
1.123939e+01	1.467277e+00	3.045581e+00
1.165358e+01	1.681949e+00	3.196597e+00
1.205353e+01	1.898549e+00	3.388831e+00
1.245812e+01	2.092416e+00	3.622893e+00
1.288470e+01	2.236233e+00	3.895753e+00
1.336884e+01	2.298169e+00	4.207110e+00
1.393565e+01	2.236595e+00	4.526783e+00
1.441279e+01	2.113397e+00	4.730008e+00
1.484100e+01	1.998333e+00	4.856317e+00
1.525824e+01	1.928192e+00	4.939494e+00
1.569637e+01	1.937741e+00	5.008094e+00
1.617765e+01	2.069714e+00	5.098210e+00
1.665063e+01	2.313906e+00	5.239080e+00
1.708078e+01	2.598166e+00	5.433493e+00
1.749377e+01	2.879447e+00	5.683390e+00
1.791121e+01	3.122976e+00	5.987800e+00
1.835363e+01	3.291223e+00	6.341297e+00
1.887035e+01	3.338367e+00	6.746794e+00
1.941194e+01	3.229570e+00	7.106223e+00
1.988145e+01	3.061471e+00	7.333214e+00
1.993224e+01	3.042383e+00	7.352738e+00
1.994788e+01	3.036540e+00	7.358559e+00
1.996005e+01	3.032006e+00	7.363028e+00
1.999477e+01	3.019158e+00	7.375482e+00
2.002950e+01	3.006452e+00	7.387508e+00
2.025831e+01	2.928453e+00	7.456637e+00
2.085166e+01	2.817805e+00	7.575073e+00
2.135419e+01	2.878098e+00	7.654901e+00
2.194754e+01	3.133405e+00	7.800863e+00
2.243889e+01	3.437071e+00	8.004035e+00
2.288624e+01	3.715960e+00	8.259930e+00
2.333290e+01	3.935325e+00	8.566221e+00
2.381331e+01	4.057129e+00	8.916872e+00
2.447937e+01	4.006733e+00	9.357333e+00
2.502936e+01	3.825039e+00	9.620771e+00
2.550123e+01	3.642677e+00	9.758286e+00
2.594961e+01	3.508463e+00	9.824751e+00
2.641052e+01	3.454994e+00	9.855264e+00
2.693887e+01	3.522274e+00	9.888051e+00
2.751038e+01	3.725267e+00	9.972995e+00
2.801580e+01	3.956095e+00	1.011629e+01
2.849394e+01	4.153226e+00	1.030783e+01
2.898431e+01	4.279896e+00	1.053730e+01
2.954641e+01	4.295618e+00	1.079615e+01
3.014729e+01	4.173291e+00	1.101224e+01
3.067009e+01	4.005567e+00	1.112091e+01
3.115238e+01	3.860282e+00	1.115611e+01
3.163291e+01	3.771872e+00	1.114787e+01
3.215364e+01	3.769060e+00	1.112325e+01
3.251141e+01	3.823264e+00	1.111587e+01
3.280954e+01	3.895734e+00	1.112382e+01
3.308238e+01	3.975757e+00	1.114541e+01
3.376335e+01	4.178257e+00	1.126040e+01
3.432443e+01	4.282920e+00	1.140100e+01
3.491210e+01	4.286937e+00	1.155064e+01
3.556657e+01	4.172300e+00	1.166786e+01
3.612977e+01	4.023630e+00	1.170127e+01
3.664575e+01	3.900739e+00	1.167887e+01
3.716234e+01	3.830442e+00	1.162442e+01
3.773771e+01	3.835029e+00	1.155833e+01
3.841302e+01	3.932227e+00	1.151614e+01
3.900281e+01	4.044374e+00	1.152910e+01
3.955720e+01	4.119439e+00	1.157610e+01
4.014157e+01	4.129841e+00	1.163664e+01
4.054152e+01	4.091782e+00	1.166825e+01
4.086828e+01	4.038352e+00	1.168104e+01
4.116289e+01	3.978913e+00	1.167989e+01
4.146029e+01	3.914456e+00	1.166577e+01
4.174413e+01	3.854714e+00	1.164078e+01
4.203096e+01	3.801502e+00	1.160580e+01
4.279927e+01	3.723155e+00	1.148554e+01
4.352227e+01	3.745890e+00	1.138001e+01
4.419235e+01	3.814878e+00	1.132117e+01
4.479614e+01	3.867662e+00	1.130232e+01
4.540219e+01	3.874703e+00	1.129893e+01
4.586911e+01	3.840192e+00	1.129148e+01
4.646626e+01	3.755305e+00	1.125880e+01
4.705263e+01	3.654334e+00	1.119302e+01
4.762425e+01	3.570520e+00	1.110091e+01
4.821781e+01	3.522126e+00	1.099127e+01
4.863252e+01	3.515065e+00	1.091657e+01
4.900806e+01	3.524045e+00	1.085578e+01
4.934828e+01	3.539722e+00	1.080850e+01
4.967394e+01	3.556320e+00	1.077064e+01
5.051190e+01	3.574608e+00	1.069843e+01
5.126228e+01	3.532376e+00	1.063925e+01
5.204200e+01	3.436793e+00	1.055136e+01
5.271530e+01	3.345489e+00	1.044437e+01
5.334795e+01	3.281569e+00	1.032543e+01
5.402918e+01	3.250752e+00	1.019502e+01
5.484717e+01	3.253008e+00	1.005831e+01
5.557111e+01	3.257244e+00	9.961841e+00
5.627151e+01	3.234812e+00	9.880000e+00
5.702821e+01	3.172721e+00	9.784783e+00
5.775878e+01	3.091809e+00	9.672465e+00
5.843507e+01	3.022855e+00	9.550586e+00
5.911833e+01	2.976384e+00	9.420062e+00
5.971311e+01	2.956884e+00	9.310509e+00
6.042441e+01	2.947567e+00	9.192828e+00
6.113353e+01	2.933828e+00	9.089921e+00
6.187894e+01	2.897743e+00	8.987706e+00
6.245695e+01	2.853124e+00	8.904321e+00
6.313558e+01	2.791240e+00	8.795969e+00
6.382341e+01	2.732468e+00	8.675104e+00
6.454146e+01	2.687640e+00	8.544214e+00
6.506874e+01	2.666726e+00	8.450685e+00
6.552697e+01	2.653989e+00	8.373721e+00
6.593986e+01	2.643715e+00	8.308346e+00
6.697939e+01	2.605799e+00	8.155674e+00
6.801881e+01	2.538655e+00	8.002509e+00
6.893928e+01	2.469353e+00	7.854214e+00
6.976918e+01	2.417722e+00	7.713522e+00
7.067603e+01	2.379765e+00	7.563396e+00
7.160295e+01	2.349497e+00	7.421799e+00
7.248745e+01	2.312456e+00	7.295210e+00
7.331089e+01	2.265643e+00	7.177125e+00
7.417477e+01	2.210827e+00	7.047463e+00
7.501403e+01	2.163085e+00	6.917060e+00
7.592423e+01	2.123556e+00	6.777482e+00
7.694581e+01	2.087476e+00	6.630142e+00
7.792268e+01	2.047864e+00	6.497138e+00
7.869880e+01	2.009109e+00	6.392128e+00
7.958186e+01	1.961683e+00	6.269723e+00
8.047300e+01	1.917997e+00	6.143983e+00
8.146730e+01	1.878487e+00	6.006372e+00
8.255244e+01	1.840316e+00	5.864167e+00
8.363081e+01	1.797398e+00	5.728808e+00
8.439869e+01	1.762759e+00	5.632656e+00
8.529082e+01	1.722294e+00	5.519659e+00
8.624669e+01	1.683563e+00	5.398826e+00
8.706530e+01	1.654803e+00	5.298104e+00
8.772201e+01	1.632910e+00	5.219989e+00
8.831321e+01	1.612615e+00	5.151461e+00
8.999166e+01	1.548545e+00	4.960517e+00
9.147382e+01	1.492972e+00	4.792525e+00
9.306646e+01	1.442001e+00	4.618807e+00
9.463214e+01	1.391373e+00	4.456746e+00
9.576666e+01	1.352673e+00	4.341335e+00
9.696698e+01	1.314025e+00	4.220651e+00
9.790304e+01	1.286565e+00	4.129002e+00
9.870114e+01	1.263981e+00	4.053120e+00
9.943614e+01	1.242910e+00	3.984832e+00
9.987760e+01	1.229972e+00	3.944339e+00
1.012428e+02	1.189510e+00	3.820621e+00
1.027020e+02	1.148829e+00	3.691222e+00
1.044487e+02	1.103947e+00	3.543005e+00
1.060071e+02	1.063644e+00	3.416140e+00
1.062241e+02	1.058026e+00	3.398740e+00
1.074021e+02	1.028273e+00	3.305364e+00
1.081396e+02	1.010561e+00	3.248084e+00
1.088996e+02	9.929490e-01	3.190242e+00
1.097046e+02	9.746329e-01	3.130331e+00
1.105721e+02	9.549053e-01	3.067119e+00
1.113454e+02	9.373024e-01	3.011724e+00
1.121533e+02	9.191439e-01	2.954684e+00
1.129730e+02	9.012598e-01	2.897735e+00
1.156446e+02	8.464929e-01	2.720053e+00
1.179400e+02	8.011145e-01	2.576028e+00
1.203042e+02	7.575859e-01	2.435294e+00
1.230174e+02	7.100709e-01	2.283415e+00
1.258957e+02	6.631846e-01	2.132267e+00
1.287910e+02	6.188677e-01	1.990382e+00
1.318679e+02	5.752392e-01	1.849777e+00
1.349675e+02	5.341865e-01	1.718124e+00
1.377849e+02	4.995536e-01	1.606596e+00
1.399418e+02	4.744636e-01	1.526090e+00
1.426241e+02	4.451081e-01	1.431566e+00
1.448723e+02	4.218453e-01	1.356864e+00
1.472348e+02	3.987488e-01	1.282531e+00
1.500000e+02	3.732898e-01	1.200697e+00


# == Iter    4 ==
Timepoint   	           1	           2
0.000000e+00	0.000000e+00	0.000000e+00
1.000000e-04	3.473662e-05	1.655273e-09
1.010000e-02	3.506864e-03	1.685879e-05
1.060688e-01	3.670667e-02	1.832251e-03
3.740250e-01	1.289955e-01	2.194801e-02
5.961339e-01	2.055169e-01	5.418560e-02
8.201747e-01	2.822033e-01	9.970772e-02
1.055627e+00	3.607693e-01	1.601846e-01
1.306172e+00	4.396848e-01	2.367685e-01
1.575448e+00	5.158226e-01	3.302174e-01
1.869415e+00	5.846834e-01	4.410650e-01
2.201517e+00	6.403050e-01	5.707333e-01
2.575231e+00	6.719331e-01	7.126969e-01
2.968690e+00	6.717593e-01	8.468865e-01
3.323930e+00	6.491954e-01	9.476468e-01
3.653358e+00	6.186754e-01	1.021363e+00
3.972292e+00	5.901980e-01	1.075665e+00
4.292768e+00	5.723966e-01	1.117051e+00
4.629169e+00	5.747625e-01	1.152808e+00
5.020812e+00	6.138443e-01	1.195849e+00
5.426437e+00	6.995963e-01	1.256536e+00
5.780795e+00	8.085866e-01	1.333543e+00
6.107929e+00	9.293509e-01	1.429846e+00
6.427283e+00	1.055757e+00	1.548496e+00
6.750141e+00	1.180641e+00	1.691092e+00
7.085359e+00	1.294988e+00	1.857633e+00
7.445232e+00	1.388232e+00	2.047555e+00
7.864976e+00	1.447628e+00	2.266889e+00
8.324477e+00	1.450236e+00	2.481850e+00
8.721645e+00	1.411359e+00	2.631791e+00
9.079722e+00	1.360401e+00	2.733654e+00
9.423103e+00	1.314638e+00	2.803718e+00
9.768720e+00	1.288313e+00	2.853998e+00
1.013595e+01	1.297719e+00	2.897454e+00
1.053251e+01	1.363135e+00	2.950860e+00
1.093762e+01	1.491580e+00	3.032579e+00
1.130368e+01	1.652628e+00	3.144011e+00
1.164744e+01	1.827996e+00	3.287395e+00
1.198548e+01	2.005708e+00	3.464791e+00
1.232949e+01	2.173006e+00	3.676474e+00
1.269116e+01	2.315058e+00	3.920936e+00
1.309287e+01	2.414661e+00	4.198732e+00
1.351636e+01	2.445223e+00	4.472652e+00
1.393216e+01	2.409134e+00	4.699418e+00
1.431237e+01	2.339283e+00	4.858285e+00
1.467205e+01	2.265629e+00	4.964851e+00
1.502771e+01	2.210589e+00	5.035690e+00
1.539624e+01	2.195958e+00	5.087615e+00
1.581270e+01	2.252998e+00	5.145196e+00
1.628140e+01	2.420486e+00	5.245706e+00
1.668441e+01	2.639977e+00	5.389109e+00
1.704887e+01	2.875173e+00	5.575542e+00
1.740133e+01	3.109073e+00	5.806896e+00
1.775814e+01	3.324692e+00	6.083196e+00
1.813383e+01	3.501720e+00	6.401893e+00
1.855694e+01	3.615859e+00	6.764613e+00
1.909266e+01	3.621713e+00	7.175407e+00
1.953757e+01	3.533922e+00	7.438316e+00
1.992604e+01	3.426754e+00	7.598623e+00
1.997815e+01	3.412415e+00	7.615399e+00
2.000052e+01	3.406348e+00	7.622283e+00
2.005558e+01	3.391698e+00	7.638432e+00
2.013789e+01	3.370730e+00	7.660561e+00
2.048383e+01	3.302372e+00	7.731301e+00
2.086166e+01	3.283264e+00	7.783164e+00
2.130090e+01	3.355203e+00	7.844133e+00
2.177672e+01	3.546164e+00	7.954731e+00
2.219392e+01	3.783577e+00	8.116929e+00
2.257846e+01	4.024570e+00	8.327591e+00
2.295658e+01	4.246885e+00	8.584897e+00
2.334812e+01	4.429120e+00	8.885383e+00
2.378147e+01	4.546357e+00	9.226854e+00
2.424421e+01	4.563067e+00	9.560476e+00
2.469058e+01	4.488926e+00	9.817556e+00
2.509889e+01	4.375390e+00	9.981537e+00
2.548715e+01	4.261776e+00	1.007518e+01
2.587389e+01	4.175051e+00	1.012049e+01
2.627836e+01	4.139100e+00	1.013875e+01
2.674181e+01	4.184513e+00	1.015784e+01
2.726207e+01	4.339207e+00	1.022137e+01
2.771898e+01	4.533257e+00	1.033936e+01
2.813965e+01	4.720884e+00	1.050288e+01
2.855584e+01	4.879176e+00	1.070472e+01
2.899660e+01	4.987060e+00	1.093804e+01
2.930677e+01	5.016925e+00	1.109807e+01
2.957560e+01	5.011616e+00	1.122475e+01
2.981990e+01	4.984231e+00	1.132518e+01
3.004844e+01	4.942748e+00	1.140362e+01
3.027795e+01	4.890006e+00	1.146578e+01
3.049626e+01	4.834015e+00	1.150906e+01
3.071279e+01	4.777355e+00	1.153731e+01
3.127428e+01	4.654890e+00	1.155432e+01
3.175153e+01	4.611795e+00	1.153189e+01
3.227355e+01	4.649071e+00	1.151024e+01
3.281621e+01	4.768972e+00	1.153014e+01
3.329896e+01	4.911118e+00	1.160158e+01
3.375185e+01	5.037993e+00	1.171181e+01
3.421030e+01	5.128607e+00	1.184965e+01
3.472318e+01	5.161349e+00	1.200554e+01
3.532449e+01	5.105328e+00	1.214679e+01
3.584472e+01	5.001801e+00	1.220676e+01
3.631159e+01	4.900078e+00	1.220820e+01
3.676460e+01	4.822760e+00	1.217326e+01
3.723937e+01	4.785900e+00	1.211863e+01
3.756108e+01	4.791218e+00	1.208320e+01
3.786464e+01	4.817255e+00	1.205804e+01
3.813704e+01	4.854624e+00	1.204583e+01
3.839238e+01	4.897765e+00	1.204492e+01
3.903159e+01	5.012027e+00	1.208737e+01
3.957237e+01	5.078498e+00	1.215876e+01
4.012737e+01	5.089042e+00	1.223668e+01
4.078772e+01	5.022231e+00	1.229402e+01
4.135363e+01	4.922631e+00	1.229001e+01
4.185899e+01	4.832667e+00	1.224457e+01
4.235261e+01	4.768947e+00	1.217456e+01
4.288591e+01	4.742911e+00	1.209160e+01
4.331075e+01	4.754639e+00	1.203494e+01
4.381935e+01	4.795349e+00	1.199023e+01
4.433144e+01	4.845117e+00	1.197425e+01
4.484656e+01	4.880469e+00	1.198072e+01
4.540029e+01	4.882267e+00	1.199566e+01
4.587847e+01	4.848530e+00	1.199893e+01
4.641776e+01	4.779182e+00	1.197749e+01
4.694343e+01	4.697680e+00	1.192535e+01
4.745840e+01	4.625191e+00	1.184866e+01
4.799134e+01	4.574796e+00	1.175523e+01
4.841050e+01	4.557738e+00	1.168226e+01
4.878605e+01	4.557990e+00	1.162366e+01
4.910568e+01	4.566576e+00	1.158152e+01
4.986297e+01	4.595011e+00	1.151272e+01
5.051248e+01	4.598457e+00	1.147748e+01
5.119501e+01	4.560135e+00	1.143888e+01
5.189029e+01	4.482192e+00	1.137362e+01
5.250839e+01	4.401543e+00	1.128581e+01
5.308887e+01	4.337096e+00	1.118394e+01
5.369560e+01	4.294937e+00	1.107156e+01
5.520889e+01	4.278478e+00	1.084808e+01
5.625560e+01	4.246984e+00	1.074317e+01
5.671880e+01	4.211520e+00	1.069367e+01
5.708890e+01	4.175195e+00	1.064806e+01
5.741387e+01	4.139786e+00	1.060253e+01
5.820921e+01	4.053904e+00	1.047100e+01
5.891747e+01	3.996156e+00	1.034089e+01
5.936458e+01	3.972783e+00	1.026029e+01
6.040741e+01	3.943971e+00	1.009598e+01
6.129436e+01	3.914583e+00	9.981682e+00
6.217443e+01	3.856078e+00	9.869717e+00
6.302073e+01	3.778217e+00	9.744159e+00
6.377427e+01	3.710153e+00	9.615877e+00
6.450933e+01	3.659005e+00	9.485537e+00
6.560227e+01	3.611410e+00	9.306112e+00
6.656859e+01	3.572417e+00	9.169098e+00
6.752520e+01	3.513339e+00	9.038376e+00
6.847499e+01	3.437321e+00	8.895980e+00
6.933379e+01	3.370927e+00	8.754904e+00
7.019278e+01	3.319040e+00	8.612387e+00
7.119902e+01	3.273331e+00	8.457434e+00
7.214988e+01	3.228223e+00	8.323969e+00
7.320376e+01	3.162457e+00	8.177363e+00
7.421479e+01	3.090717e+00	8.026955e+00
7.517868e+01	3.029407e+00	7.877593e+00
7.589407e+01	2.992139e+00	7.769200e+00
7.674316e+01	2.952942e+00	7.647695e+00
7.762958e+01	2.909604e+00	7.527762e+00
7.820971e+01	2.877212e+00	7.450223e+00
7.957894e+01	2.792749e+00	7.261060e+00
8.010493e+01	2.761443e+00	7.186123e+00
8.061567e+01	2.733362e+00	7.113459e+00
8.222261e+01	2.657205e+00	6.895133e+00
8.349201e+01	2.595471e+00	6.733728e+00
8.477398e+01	2.525687e+00	6.569938e+00
8.615939e+01	2.454240e+00	6.390294e+00
8.713732e+01	2.410055e+00	6.267357e+00
8.823102e+01	2.362066e+00	6.136003e+00
8.911702e+01	2.320848e+00	6.032101e+00
8.986681e+01	2.284441e+00	5.944072e+00
9.047748e+01	2.254886e+00	5.871998e+00
9.192637e+01	2.189661e+00	5.702483e+00
9.332643e+01	2.132172e+00	5.545842e+00
9.493701e+01	2.064107e+00	5.372411e+00
9.650702e+01	1.997325e+00	5.204750e+00
9.763764e+01	1.952789e+00	5.086570e+00
9.833363e+01	1.926532e+00	5.015832e+00
9.901198e+01	1.901045e+00	4.948292e+00
9.977252e+01	1.872093e+00	4.873717e+00
1.006212e+02	1.839394e+00	4.791255e+00
1.013718e+02	1.810742e+00	4.718788e+00
1.020885e+02	1.784182e+00	4.650239e+00
1.030655e+02	1.749499e+00	4.558507e+00
1.037933e+02	1.724443e+00	4.491767e+00
1.045384e+02	1.698956e+00	4.424746e+00
1.070083e+02	1.614511e+00	4.208401e+00
1.090569e+02	1.548823e+00	4.035828e+00
1.110037e+02	1.488670e+00	3.879307e+00
1.124921e+02	1.443485e+00	3.763025e+00
1.140079e+02	1.399517e+00	3.647898e+00
1.176998e+02	1.297555e+00	3.382764e+00
1.190753e+02	1.261459e+00	3.288566e+00
1.204980e+02	1.225420e+00	3.194115e+00
1.218607e+02	1.191615e+00	3.106260e+00
1.225465e+02	1.174863e+00	3.062882e+00
1.231026e+02	1.161456e+00	3.028103e+00
1.251664e+02	1.113333e+00	2.902411e+00
1.275444e+02	1.060298e+00	2.764257e+00
1.299653e+02	1.008773e+00	2.630079e+00
1.320610e+02	9.663355e-01	2.519298e+00
1.338662e+02	9.310606e-01	2.427556e+00
1.352528e+02	9.048884e-01	2.359306e+00
1.359986e+02	8.911451e-01	2.323411e+00
1.388728e+02	8.399976e-01	2.190136e+00
1.417660e+02	7.914812e-01	2.063606e+00
1.441519e+02	7.535684e-01	1.964810e+00
1.467374e+02	7.145332e-01	1.863028e+00
1.500000e+02	6.681425e-01	1.742102e+00


# == Iter    5 ==
Timepoint   	           1	           2
0.000000e+00	0.000000e+00	0.000000e+00
1.000000e-04	3.473637e-05	1.904734e-09
1.010000e-02	3.504302e-03	1.938559e-05
9.718709e-02	3.341830e-02	1.760436e-03
3.369762e-01	1.139615e-01	2.015691e-02
5.356168e-01	1.796337e-01	4.909572e-02
7.359577e-01	2.451201e-01	8.951454e-02
9.462966e-01	3.124984e-01	1.427914e-01
1.169565e+00	3.812104e-01	2.099000e-01
1.408344e+00	4.495359e-01	2.915531e-01
1.666483e+00	5.148018e-01	3.882928e-01
1.951465e+00	5.733869e-01	5.009220e-01
2.284089e+00	6.206159e-01	6.332470e-01
2.725194e+00	6.461995e-01	7.969250e-01
3.089388e+00	6.391653e-01	9.119253e-01
3.404516e+00	6.190368e-01	9.923552e-01
3.698837e+00	5.953610e-01	1.050882e+00
3.987462e+00	5.744334e-01	1.094350e+00
4.280492e+00	5.623213e-01	1.127883e+00
4.590666e+00	5.662616e-01	1.157369e+00
4.956512e+00	6.000654e-01	1.193883e+00
5.328675e+00	6.704619e-01	1.244953e+00
5.653653e+00	7.599562e-01	1.309836e+00
5.952158e+00	8.603347e-01	1.390825e+00
6.241391e+00	9.677839e-01	1.490524e+00
6.531171e+00	1.078013e+00	1.610642e+00
6.828318e+00	1.185428e+00	1.751745e+00
7.140230e+00	1.283300e+00	1.913598e+00
7.480218e+00	1.363889e+00	2.096750e+00
7.699151e+00	1.398499e+00	2.213168e+00
7.905701e+00	1.418043e+00	2.318625e+00
8.097439e+00	1.425075e+00	2.410620e+00
8.276511e+00	1.422737e+00	2.489953e+00
8.450784e+00	1.413275e+00	2.560057e+00
8.617927e+00	1.398798e+00	2.620104e+00
8.782028e+00	1.380838e+00	2.671924e+00
8.951782e+00	1.359988e+00	2.718091e+00
9.115847e+00	1.339330e+00	2.755813e+00
9.280570e+00	1.319816e+00	2.787428e+00
9.711503e+00	1.286812e+00	2.847109e+00
1.007546e+01	1.294484e+00	2.884542e+00
1.030613e+01	1.321854e+00	2.909905e+00
1.050231e+01	1.360196e+00	2.936323e+00
1.068298e+01	1.407801e+00	2.966862e+00
1.085297e+01	1.462887e+00	3.002631e+00
1.102214e+01	1.526760e+00	3.046221e+00
1.118365e+01	1.595065e+00	3.096123e+00
1.134297e+01	1.668149e+00	3.153808e+00
1.175136e+01	1.870648e+00	3.340982e+00
1.208740e+01	2.037424e+00	3.534239e+00
1.241339e+01	2.182560e+00	3.747496e+00
1.275606e+01	2.302944e+00	3.986489e+00
1.314958e+01	2.387574e+00	4.259657e+00
1.360081e+01	2.409180e+00	4.542003e+00
1.398924e+01	2.373234e+00	4.738216e+00
1.433475e+01	2.315932e+00	4.868566e+00
1.466211e+01	2.257812e+00	4.954689e+00
1.498766e+01	2.214189e+00	5.011182e+00
1.532612e+01	2.201061e+00	5.051512e+00
1.570694e+01	2.242066e+00	5.094875e+00
1.615291e+01	2.375949e+00	5.175358e+00
1.653301e+01	2.557696e+00	5.293882e+00
1.687105e+01	2.756774e+00	5.449535e+00
1.719307e+01	2.961332e+00	5.643884e+00
1.751437e+01	3.160858e+00	5.878032e+00
1.784595e+01	3.342315e+00	6.150999e+00
1.820184e+01	3.490236e+00	6.461351e+00
1.862377e+01	3.585367e+00	6.821735e+00
1.906551e+01	3.589221e+00	7.152619e+00
1.945121e+01	3.528717e+00	7.378873e+00
1.980057e+01	3.446401e+00	7.525753e+00
1.983930e+01	3.436815e+00	7.538703e+00
1.999406e+01	3.399284e+00	7.584313e+00
2.016694e+01	3.360921e+00	7.624616e+00
2.060737e+01	3.299892e+00	7.689696e+00
2.100145e+01	3.314312e+00	7.728777e+00
2.123193e+01	3.358969e+00	7.756669e+00
2.144516e+01	3.424091e+00	7.792342e+00
2.164015e+01	3.502075e+00	7.836803e+00
2.183102e+01	3.593090e+00	7.893667e+00
2.201177e+01	3.689931e+00	7.961075e+00
2.218957e+01	3.792306e+00	8.040877e+00
2.264574e+01	4.064742e+00	8.305072e+00
2.302559e+01	4.271142e+00	8.578682e+00
2.340120e+01	4.428068e+00	8.875544e+00
2.382380e+01	4.527426e+00	9.208768e+00
2.431149e+01	4.534491e+00	9.546986e+00
2.473271e+01	4.464978e+00	9.768686e+00
2.510757e+01	4.370376e+00	9.900824e+00
2.546333e+01	4.277686e+00	9.972480e+00
2.581871e+01	4.205300e+00	1.000311e+01
2.619072e+01	4.170849e+00	1.000979e+01
2.661336e+01	4.197708e+00	1.001409e+01
2.711214e+01	4.319603e+00	1.005487e+01
2.754593e+01	4.484121e+00	1.014732e+01
2.793735e+01	4.651292e+00	1.028265e+01
2.831654e+01	4.803570e+00	1.045427e+01
2.870683e+01	4.926581e+00	1.065700e+01
2.914035e+01	5.003071e+00	1.088733e+01
2.944436e+01	5.014354e+00	1.103610e+01
2.968704e+01	4.999607e+00	1.114008e+01
2.990244e+01	4.971337e+00	1.121820e+01
3.011550e+01	4.932303e+00	1.128069e+01
3.031634e+01	4.888498e+00	1.132549e+01
3.051413e+01	4.841832e+00	1.135633e+01
3.102312e+01	4.727272e+00	1.138187e+01
3.145296e+01	4.663710e+00	1.136092e+01
3.189006e+01	4.651167e+00	1.132675e+01
3.228942e+01	4.690339e+00	1.130699e+01
3.272877e+01	4.780691e+00	1.131792e+01
3.315023e+01	4.894754e+00	1.137056e+01
3.355806e+01	5.007347e+00	1.145974e+01
3.397015e+01	5.100724e+00	1.157750e+01
3.441351e+01	5.158671e+00	1.171558e+01
3.484824e+01	5.163349e+00	1.183957e+01
3.531931e+01	5.114268e+00	1.193796e+01
3.576055e+01	5.033732e+00	1.198317e+01
3.617738e+01	4.948134e+00	1.198287e+01
3.658848e+01	4.874908e+00	1.194943e+01
3.701569e+01	4.827597e+00	1.189469e+01
3.750188e+01	4.821107e+00	1.183088e+01
3.806916e+01	4.873936e+00	1.178554e+01
3.857214e+01	4.953865e+00	1.178861e+01
3.903211e+01	5.028439e+00	1.182694e+01
3.948690e+01	5.081375e+00	1.188693e+01
3.998303e+01	5.098377e+00	1.195708e+01
4.035394e+01	5.079734e+00	1.199886e+01
4.080092e+01	5.026468e+00	1.202453e+01
4.124897e+01	4.951982e+00	1.201637e+01
4.168780e+01	4.875481e+00	1.197626e+01
4.212983e+01	4.811439e+00	1.191191e+01
4.260022e+01	4.771055e+00	1.183173e+01
4.294776e+01	4.763083e+00	1.177475e+01
4.326297e+01	4.770902e+00	1.173052e+01
4.353469e+01	4.786796e+00	1.170067e+01
4.378649e+01	4.806549e+00	1.168086e+01
4.441557e+01	4.859483e+00	1.166326e+01
4.496235e+01	4.885587e+00	1.167318e+01
4.553055e+01	4.873846e+00	1.168527e+01
4.616680e+01	4.811995e+00	1.167259e+01
4.672632e+01	4.731367e+00	1.162395e+01
4.723196e+01	4.657516e+00	1.155053e+01
4.772693e+01	4.600470e+00	1.146121e+01
4.826469e+01	4.566125e+00	1.136040e+01
4.940990e+01	4.576058e+00	1.119833e+01
5.035113e+01	4.590286e+00	1.113466e+01
5.123554e+01	4.542005e+00	1.108165e+01
5.200873e+01	4.452892e+00	1.099763e+01
5.265001e+01	4.371981e+00	1.089404e+01
5.323075e+01	4.313355e+00	1.078385e+01
5.384943e+01	4.276462e+00	1.066625e+01
5.454846e+01	4.262374e+00	1.055172e+01
5.518532e+01	4.258313e+00	1.047073e+01
5.578879e+01	4.244693e+00	1.040839e+01
5.644458e+01	4.207129e+00	1.034175e+01
5.715971e+01	4.139903e+00	1.025267e+01
5.780591e+01	4.068794e+00	1.015028e+01
5.840713e+01	4.008428e+00	1.004037e+01
5.902633e+01	3.962036e+00	9.922947e+00
5.958055e+01	3.935443e+00	9.823559e+00
6.019530e+01	3.916453e+00	9.726074e+00
6.080931e+01	3.897893e+00	9.642073e+00
6.144497e+01	3.868390e+00	9.562428e+00
6.189009e+01	3.838554e+00	9.505673e+00
6.227433e+01	3.807106e+00	9.453227e+00
6.260846e+01	3.776672e+00	9.403971e+00
6.340716e+01	3.701088e+00	9.272064e+00
6.413955e+01	3.641106e+00	9.140318e+00
6.493758e+01	3.594221e+00	8.999772e+00
6.575252e+01	3.559778e+00	8.871148e+00
6.652417e+01	3.525278e+00	8.762768e+00
6.733832e+01	3.475153e+00	8.651622e+00
6.820925e+01	3.406595e+00	8.522892e+00
6.901958e+01	3.340796e+00	8.390705e+00
6.981476e+01	3.285844e+00	8.256477e+00
7.103773e+01	3.223124e+00	8.063080e+00
7.231259e+01	3.158461e+00	7.884403e+00
7.338786e+01	3.087111e+00	7.733204e+00
7.442296e+01	3.013264e+00	7.576357e+00
7.557274e+01	2.943457e+00	7.398635e+00
7.666344e+01	2.889645e+00	7.241149e+00
7.784861e+01	2.828442e+00	7.082318e+00
7.897918e+01	2.759534e+00	6.929674e+00
8.015125e+01	2.687332e+00	6.764369e+00
8.150502e+01	2.616737e+00	6.576521e+00
8.281184e+01	2.554487e+00	6.408271e+00
8.372310e+01	2.507040e+00	6.294550e+00
8.476325e+01	2.449356e+00	6.162670e+00
8.591997e+01	2.388141e+00	6.014043e+00
8.671165e+01	2.350462e+00	5.914569e+00
8.736122e+01	2.321257e+00	5.835705e+00
8.791574e+01	2.296459e+00	5.770267e+00
8.932855e+01	2.229886e+00	5.607197e+00
9.070238e+01	2.162869e+00	5.447945e+00
9.172786e+01	2.116252e+00	5.330052e+00
9.252602e+01	2.082429e+00	5.240993e+00
9.319680e+01	2.054655e+00	5.168326e+00
9.382407e+01	2.028417e+00	5.101753e+00
9.470700e+01	1.990495e+00	5.009115e+00
9.543753e+01	1.958694e+00	4.932651e+00
9.606435e+01	1.931816e+00	4.867163e+00
9.667373e+01	1.906534e+00	4.803968e+00
9.755555e+01	1.871647e+00	4.714212e+00
9.835205e+01	1.841288e+00	4.635387e+00
9.907506e+01	1.813888e+00	4.565514e+00
1.012634e+02	1.729815e+00	4.358722e+00
1.030643e+02	1.664423e+00	4.193271e+00
1.043708e+02	1.619480e+00	4.078308e+00
1.054706e+02	1.581718e+00	3.984160e+00
1.064664e+02	1.547677e+00	3.900130e+00
1.073882e+02	1.516976e+00	3.823425e+00
1.085365e+02	1.480266e+00	3.730030e+00
1.113447e+02	1.393862e+00	3.512445e+00
1.138332e+02	1.320824e+00	3.328843e+00
1.155386e+02	1.273536e+00	3.209051e+00
1.168523e+02	1.237792e+00	3.119659e+00
1.204540e+02	1.145246e+00	2.886246e+00
1.236156e+02	1.069428e+00	2.695839e+00
1.263086e+02	1.009114e+00	2.543441e+00
1.288418e+02	9.551823e-01	2.407898e+00
1.313067e+02	9.056604e-01	2.282850e+00
1.339560e+02	8.551316e-01	2.155705e+00
1.367545e+02	8.049069e-01	2.028982e+00
1.398205e+02	7.531653e-01	1.898686e+00
1.429971e+02	7.031235e-01	1.772476e+00
1.464325e+02	6.526822e-01	1.645364e+00
1.500000e+02	6.041398e-01	1.523013e+00


# == Iter    6 ==
Timepoint   	           1	           2
0.000000e+00	0.000000e+00	0.000000e+00
1.000000e-04	3.473617e-05	2.092436e-09
1.010000e-02	3.502348e-03	2.128469e-05
9.173777e-02	3.140969e-02	1.717074e-03
3.146132e-01	1.050315e-01	1.909769e-02
4.991935e-01	1.643646e-01	4.611696e-02
6.853698e-01	2.232567e-01	8.358973e-02
8.807722e-01	2.838858e-01	1.327267e-01
1.087946e+00	3.461094e-01	1.943863e-01
1.308967e+00	4.088329e-01	2.692275e-01
1.546770e+00	4.702102e-01	3.577786e-01
1.806671e+00	5.276647e-01	4.606833e-01
2.101159e+00	5.778852e-01	5.799901e-01
2.449337e+00	6.144247e-01	7.169005e-01
2.794766e+00	6.263961e-01	8.399737e-01
3.102846e+00	6.197267e-01	9.335985e-01
3.386830e+00	6.035705e-01	1.004057e+00
3.659501e+00	5.840147e-01	1.057206e+00
3.929352e+00	5.659877e-01	1.097236e+00
4.203547e+00	5.543658e-01	1.128006e+00
4.491899e+00	5.548229e-01	1.154160e+00
4.819841e+00	5.767650e-01	1.183522e+00
5.193387e+00	6.340321e-01	1.227692e+00
5.513582e+00	7.104798e-01	1.283664e+00
5.800055e+00	7.972146e-01	1.353085e+00
6.072834e+00	8.913918e-01	1.438431e+00
6.342909e+00	9.903586e-01	1.541655e+00
6.616819e+00	1.090387e+00	1.663758e+00
6.900155e+00	1.186756e+00	1.804923e+00
7.200423e+00	1.273932e+00	1.965074e+00
7.533855e+00	1.345643e+00	2.146335e+00
7.952967e+00	1.392030e+00	2.362474e+00
8.329147e+00	1.393343e+00	2.530150e+00
8.656946e+00	1.370287e+00	2.647842e+00
8.959285e+00	1.337820e+00	2.730680e+00
9.252214e+00	1.305309e+00	2.788825e+00
9.546400e+00	1.280932e+00	2.829594e+00
9.852800e+00	1.273673e+00	2.860465e+00
1.019421e+01	1.296759e+00	2.892397e+00
1.062801e+01	1.382482e+00	2.950795e+00
1.098739e+01	1.500848e+00	3.031708e+00
1.129918e+01	1.631745e+00	3.134769e+00
1.159174e+01	1.769720e+00	3.262155e+00
1.188023e+01	1.910454e+00	3.415997e+00
1.217349e+01	2.047794e+00	3.596987e+00
1.247949e+01	2.173976e+00	3.804675e+00
1.281104e+01	2.279953e+00	4.039367e+00
1.305692e+01	2.333167e+00	4.211348e+00
1.327899e+01	2.361307e+00	4.359497e+00
1.347057e+01	2.370678e+00	4.478608e+00
1.364800e+01	2.367964e+00	4.579718e+00
1.381558e+01	2.356576e+00	4.665839e+00
1.397834e+01	2.338756e+00	4.740002e+00
1.414536e+01	2.315294e+00	4.806014e+00
1.430559e+01	2.289715e+00	4.859741e+00
1.446504e+01	2.263210e+00	4.904223e+00
1.487777e+01	2.203737e+00	4.983489e+00
1.522232e+01	2.182631e+00	5.022652e+00
1.557676e+01	2.205374e+00	5.056495e+00
1.594591e+01	2.287194e+00	5.107111e+00
1.630007e+01	2.422045e+00	5.190486e+00
1.662294e+01	2.585662e+00	5.308769e+00
1.692791e+01	2.764195e+00	5.462864e+00
1.722720e+01	2.948337e+00	5.653821e+00
1.752972e+01	3.128475e+00	5.881638e+00
1.784394e+01	3.293560e+00	6.145039e+00
1.818295e+01	3.430982e+00	6.443391e+00
1.843545e+01	3.499162e+00	6.663280e+00
1.866583e+01	3.533980e+00	6.854157e+00
1.886360e+01	3.543443e+00	7.006035e+00
1.904644e+01	3.536740e+00	7.133771e+00
1.921859e+01	3.518620e+00	7.241190e+00
1.938567e+01	3.492120e+00	7.332532e+00
1.955787e+01	3.458078e+00	7.412891e+00
1.972268e+01	3.421681e+00	7.476770e+00
1.988678e+01	3.384392e+00	7.528272e+00
1.993194e+01	3.374301e+00	7.540453e+00
1.995186e+01	3.369904e+00	7.545566e+00
1.996285e+01	3.367495e+00	7.548319e+00
1.999049e+01	3.361491e+00	7.555040e+00
1.999781e+01	3.359918e+00	7.556770e+00
2.000406e+01	3.358579e+00	7.558231e+00
2.000992e+01	3.357327e+00	7.559589e+00
2.005483e+01	3.347892e+00	7.569570e+00
2.034490e+01	3.296687e+00	7.618280e+00
2.066643e+01	3.270632e+00	7.650270e+00
2.102797e+01	3.294651e+00	7.679691e+00
2.127703e+01	3.347929e+00	7.708745e+00
2.147917e+01	3.412757e+00	7.743678e+00
2.166015e+01	3.485703e+00	7.786520e+00
2.183921e+01	3.569745e+00	7.841476e+00
2.200854e+01	3.657889e+00	7.905963e+00
2.217538e+01	3.750603e+00	7.981811e+00
2.260395e+01	3.997689e+00	8.230597e+00
2.296215e+01	4.189156e+00	8.487839e+00
2.331472e+01	4.340705e+00	8.766551e+00
2.370454e+01	4.447581e+00	9.077875e+00
2.420694e+01	4.480934e+00	9.437522e+00
2.462850e+01	4.430075e+00	9.669512e+00
2.499240e+01	4.349847e+00	9.806042e+00
2.533107e+01	4.266100e+00	9.880990e+00
2.566490e+01	4.194116e+00	9.914036e+00
2.600886e+01	4.147869e+00	9.919862e+00
2.638407e+01	4.143822e+00	9.914449e+00
2.672627e+01	4.187661e+00	9.918376e+00
2.711629e+01	4.289049e+00	9.953364e+00
2.749002e+01	4.424330e+00	1.003049e+01
2.784688e+01	4.569942e+00	1.014774e+01
2.819932e+01	4.710004e+00	1.030071e+01
2.856158e+01	4.831190e+00	1.048462e+01
2.895492e+01	4.919454e+00	1.069526e+01
2.930714e+01	4.952134e+00	1.087441e+01
2.971826e+01	4.935498e+00	1.105059e+01
3.011108e+01	4.875474e+00	1.117051e+01
3.048088e+01	4.796506e+00	1.123452e+01
3.083956e+01	4.717209e+00	1.125431e+01
3.120062e+01	4.651774e+00	1.124170e+01
3.158035e+01	4.613395e+00	1.120873e+01
3.201569e+01	4.618952e+00	1.116983e+01
3.251880e+01	4.690673e+00	1.115541e+01
3.296319e+01	4.795881e+00	1.118949e+01
3.336585e+01	4.903459e+00	1.126203e+01
3.375601e+01	4.998497e+00	1.136335e+01
3.415978e+01	5.069564e+00	1.148619e+01
3.462133e+01	5.102113e+00	1.162542e+01
3.514369e+01	5.072759e+00	1.174905e+01
3.560353e+01	5.001799e+00	1.180737e+01
3.601558e+01	4.921517e+00	1.181442e+01
3.640840e+01	4.848354e+00	1.178644e+01
3.680597e+01	4.793005e+00	1.173498e+01
3.723721e+01	4.766182e+00	1.167020e+01
3.753711e+01	4.770431e+00	1.162972e+01
3.779866e+01	4.788506e+00	1.160257e+01
3.803182e+01	4.814049e+00	1.158711e+01
3.859554e+01	4.897605e+00	1.158917e+01
3.906897e+01	4.968327e+00	1.163071e+01
3.951828e+01	5.014145e+00	1.169053e+01
4.000846e+01	5.025352e+00	1.175731e+01
4.058340e+01	4.982862e+00	1.180763e+01
4.108784e+01	4.908750e+00	1.180823e+01
4.153689e+01	4.832141e+00	1.177129e+01
4.196497e+01	4.766147e+00	1.170956e+01
4.240405e+01	4.718515e+00	1.163143e+01
4.290549e+01	4.697622e+00	1.154241e+01
4.347755e+01	4.714923e+00	1.146433e+01
4.399277e+01	4.752658e+00	1.142739e+01
4.446714e+01	4.787387e+00	1.142008e+01
4.493843e+01	4.805975e+00	1.142822e+01
4.546483e+01	4.795902e+00	1.143796e+01
4.606525e+01	4.742645e+00	1.142610e+01
4.660010e+01	4.669556e+00	1.138113e+01
4.708277e+01	4.598950e+00	1.131199e+01
4.754935e+01	4.540320e+00	1.122670e+01
4.804132e+01	4.498833e+00	1.112956e+01
4.935985e+01	4.491627e+00	1.092566e+01
4.978063e+01	4.501266e+00	1.088967e+01
5.024689e+01	4.503285e+00	1.086102e+01
5.077768e+01	4.485650e+00	1.083153e+01
5.189313e+01	4.377027e+00	1.072513e+01
5.288602e+01	4.256604e+00	1.055404e+01
5.335398e+01	4.214873e+00	1.046045e+01
5.343884e+01	4.208888e+00	1.044353e+01
5.361637e+01	4.197982e+00	1.040862e+01
5.419742e+01	4.176132e+00	1.030289e+01
5.477697e+01	4.168111e+00	1.021595e+01
5.533130e+01	4.161034e+00	1.014977e+01
5.589149e+01	4.143020e+00	1.009221e+01
5.597841e+01	4.138748e+00	1.008342e+01
5.616059e+01	4.128376e+00	1.006469e+01
5.675583e+01	4.081572e+00	9.996678e+00
5.734910e+01	4.020399e+00	9.912420e+00
5.790949e+01	3.959230e+00	9.816454e+00
5.845988e+01	3.905663e+00	9.711750e+00
5.905364e+01	3.861977e+00	9.596807e+00
5.956274e+01	3.836734e+00	9.504199e+00
6.013170e+01	3.817208e+00	9.412219e+00
6.070744e+01	3.798606e+00	9.331466e+00
6.130436e+01	3.771781e+00	9.255325e+00
6.168957e+01	3.747844e+00	9.206277e+00
6.264247e+01	3.667883e+00	9.070486e+00
6.350357e+01	3.587152e+00	8.923595e+00
6.432050e+01	3.523405e+00	8.773783e+00
6.536417e+01	3.468527e+00	8.594966e+00
6.635493e+01	3.424715e+00	8.450084e+00
6.692155e+01	3.393006e+00	8.372763e+00
6.750940e+01	3.352271e+00	8.290463e+00
6.816243e+01	3.300078e+00	8.191965e+00
6.881547e+01	3.246537e+00	8.085271e+00
6.948218e+01	3.197018e+00	7.971769e+00
7.087114e+01	3.119373e+00	7.746417e+00
7.145490e+01	3.091464e+00	7.661471e+00
7.211335e+01	3.056902e+00	7.570346e+00
7.259070e+01	3.028132e+00	7.504784e+00
7.372695e+01	2.949183e+00	7.340863e+00
7.428746e+01	2.909298e+00	7.254850e+00
7.493339e+01	2.866833e+00	7.153993e+00
7.551357e+01	2.833217e+00	7.064745e+00
7.681730e+01	2.767932e+00	6.877983e+00
7.773042e+01	2.720269e+00	6.756568e+00
7.838342e+01	2.681932e+00	6.669871e+00
7.914331e+01	2.634339e+00	6.565971e+00
7.994594e+01	2.584830e+00	6.452895e+00
8.085561e+01	2.534330e+00	6.325074e+00
8.149397e+01	2.502658e+00	6.238593e+00
8.200358e+01	2.478486e+00	6.172147e+00
8.245506e+01	2.456998e+00	6.114965e+00
8.363477e+01	2.396901e+00	5.968847e+00
8.479595e+01	2.332992e+00	5.822915e+00
8.734143e+01	2.208156e+00	5.506040e+00
8.808371e+01	2.174931e+00	5.419970e+00
8.876293e+01	2.143463e+00	5.342718e+00
8.942865e+01	2.111465e+00	5.267160e+00
9.085979e+01	2.042651e+00	5.103533e+00
9.175559e+01	2.002642e+00	5.002384e+00
9.249242e+01	1.971678e+00	4.921627e+00
9.311999e+01	1.945900e+00	4.854808e+00
9.370917e+01	1.921550e+00	4.793363e+00
9.387260e+01	1.914719e+00	4.776468e+00
9.480266e+01	1.875165e+00	4.680840e+00
9.552582e+01	1.844142e+00	4.606623e+00
9.614396e+01	1.818121e+00	4.543361e+00
9.675184e+01	1.793395e+00	4.481719e+00
9.755941e+01	1.761980e+00	4.401435e+00
9.830804e+01	1.733833e+00	4.329048e+00
9.899426e+01	1.708220e+00	4.264247e+00
1.009722e+02	1.633480e+00	4.081640e+00
1.027027e+02	1.570918e+00	3.925708e+00
1.038351e+02	1.532406e+00	3.827632e+00
1.050182e+02	1.492693e+00	3.728413e+00
1.060459e+02	1.458205e+00	3.643847e+00
1.069939e+02	1.426959e+00	3.566868e+00
1.080521e+02	1.393381e+00	3.482644e+00
1.090827e+02	1.361898e+00	3.402925e+00
1.101530e+02	1.329793e+00	3.322436e+00
1.112661e+02	1.296666e+00	3.240566e+00
1.123563e+02	1.264825e+00	3.161816e+00
1.135777e+02	1.230455e+00	3.075671e+00
1.141549e+02	1.214685e+00	3.035892e+00
1.145974e+02	1.202742e+00	3.005805e+00
1.161349e+02	1.161842e+00	2.903709e+00
1.174705e+02	1.127053e+00	2.817476e+00
1.184527e+02	1.102226e+00	2.755504e+00
1.190583e+02	1.087288e+00	2.717992e+00
1.209640e+02	1.041676e+00	2.603593e+00
1.223692e+02	1.008977e+00	2.522276e+00
1.246072e+02	9.590761e-01	2.397592e+00
1.264675e+02	9.196518e-01	2.298853e+00
1.279718e+02	8.887706e-01	2.221927e+00
1.294047e+02	8.603361e-01	2.150907e+00
1.309136e+02	8.314929e-01	2.078634e+00
1.322254e+02	8.071627e-01	2.017830e+00
1.330031e+02	7.930348e-01	1.982600e+00
1.355230e+02	7.489782e-01	1.872490e+00
1.381009e+02	7.064871e-01	1.766254e+00
1.404459e+02	6.698704e-01	1.674768e+00
1.425340e+02	6.389162e-01	1.597328e+00
1.443527e+02	6.130801e-01	1.532794e+00
1.460828e+02	5.894821e-01	1.473795e+00
1.481627e+02	5.623292e-01	1.405886e+00
1.492019e+02	5.492222e-01	1.373138e+00
1.500000e+02	5.393613e-01	1.348498e+00


# == Iter    7 ==
Timepoint   	           1	           2
0.000000e+00	0.000000e+00	0.000000e+00
1.000000e-04	3.473618e-05	2.084057e-09
1.010000e-02	3.502422e-03	2.120008e-05
9.199137e-02	3.150102e-02	1.720000e-03
3.156992e-01	1.054352e-01	1.916372e-02
5.009752e-01	1.650366e-01	4.629977e-02
6.878563e-01	2.241937e-01	8.395017e-02
8.840038e-01	2.850787e-01	1.333352e-01
1.091981e+00	3.475287e-01	1.953203e-01
1.313886e+00	4.104197e-01	2.705680e-01
1.552694e+00	4.718662e-01	3.596076e-01
1.813810e+00	5.292430e-01	4.630887e-01
2.110026e+00	5.791738e-01	5.831172e-01
2.464493e+00	6.152824e-01	7.222626e-01
2.810972e+00	6.260008e-01	8.450910e-01
3.119102e+00	6.183476e-01	9.379881e-01
3.403272e+00	6.015458e-01	1.007754e+00
3.676418e+00	5.816605e-01	1.060313e+00
3.947053e+00	5.636412e-01	1.099885e+00
4.222459e+00	5.524230e-01	1.130387e+00
4.512885e+00	5.538171e-01	1.156597e+00
4.846428e+00	5.778701e-01	1.186850e+00
5.212802e+00	6.360853e-01	1.231241e+00
5.529393e+00	7.129372e-01	1.287658e+00
5.814916e+00	8.001721e-01	1.357848e+00
6.087907e+00	8.948814e-01	1.444237e+00
6.358718e+00	9.942437e-01	1.548699e+00
6.633704e+00	1.094394e+00	1.672170e+00
6.918485e+00	1.190493e+00	1.814788e+00
7.220825e+00	1.276901e+00	1.976483e+00
7.558101e+00	1.347216e+00	2.159731e+00
7.942344e+00	1.388646e+00	2.357812e+00
8.305608e+00	1.391030e+00	2.521315e+00
8.630738e+00	1.369139e+00	2.640413e+00
8.933263e+00	1.336848e+00	2.725637e+00
9.226673e+00	1.303675e+00	2.785867e+00
9.520842e+00	1.277934e+00	2.828112e+00
9.826136e+00	1.268555e+00	2.859676e+00
1.016309e+01	1.288101e+00	2.890978e+00
1.050770e+01	1.347073e+00	2.932924e+00
1.084506e+01	1.444073e+00	2.996906e+00
1.115523e+01	1.563438e+00	3.084633e+00
1.144895e+01	1.695955e+00	3.197663e+00
1.173698e+01	1.835411e+00	3.337559e+00
1.202710e+01	1.975339e+00	3.505063e+00
1.232618e+01	2.108199e+00	3.699859e+00
1.264337e+01	2.225341e+00	3.921301e+00
1.299946e+01	2.316859e+00	4.172759e+00
1.324448e+01	2.351949e+00	4.338244e+00
1.344465e+01	2.363690e+00	4.464304e+00
1.362327e+01	2.362198e+00	4.567582e+00
1.379589e+01	2.351293e+00	4.657718e+00
1.396017e+01	2.333750e+00	4.733832e+00
1.412110e+01	2.311424e+00	4.798836e+00
1.428845e+01	2.284746e+00	4.856354e+00
1.444925e+01	2.257792e+00	4.902262e+00
1.461027e+01	2.231557e+00	4.939710e+00
1.503038e+01	2.181214e+00	5.005296e+00
1.538603e+01	2.177648e+00	5.040505e+00
1.577778e+01	2.232934e+00	5.083340e+00
1.617400e+01	2.358630e+00	5.158396e+00
1.651886e+01	2.519903e+00	5.268128e+00
1.683269e+01	2.697285e+00	5.412413e+00
1.713454e+01	2.881754e+00	5.592664e+00
1.743620e+01	3.064748e+00	5.809719e+00
1.774651e+01	3.235914e+00	6.062847e+00
1.807648e+01	3.383135e+00	6.350805e+00
1.845254e+01	3.492154e+00	6.679418e+00
1.890960e+01	3.531836e+00	7.041240e+00
1.929913e+01	3.494803e+00	7.289027e+00
1.964027e+01	3.427500e+00	7.448925e+00
1.995984e+01	3.354869e+00	7.550427e+00
1.997348e+01	3.351866e+00	7.553810e+00
1.998910e+01	3.348454e+00	7.557595e+00
2.007004e+01	3.331286e+00	7.575748e+00
2.013874e+01	3.317542e+00	7.589339e+00
2.044195e+01	3.270727e+00	7.632929e+00
2.077329e+01	3.256927e+00	7.662028e+00
2.115996e+01	3.304403e+00	7.696981e+00
2.158283e+01	3.438063e+00	7.770034e+00
2.195330e+01	3.613444e+00	7.886593e+00
2.228966e+01	3.801245e+00	8.043541e+00
2.261369e+01	3.988230e+00	8.239570e+00
2.294025e+01	4.163227e+00	8.473417e+00
2.328258e+01	4.313514e+00	8.742766e+00
2.366446e+01	4.424077e+00	9.048627e+00
2.394051e+01	4.461460e+00	9.257761e+00
2.429454e+01	4.458722e+00	9.494129e+00
2.464890e+01	4.408813e+00	9.681333e+00
2.498929e+01	4.332541e+00	9.807984e+00
2.532093e+01	4.249895e+00	9.882532e+00
2.565282e+01	4.177194e+00	9.916748e+00
2.599594e+01	4.129376e+00	9.923437e+00
2.636952e+01	4.123116e+00	9.918109e+00
2.671277e+01	4.165075e+00	9.921253e+00
2.710632e+01	4.265798e+00	9.955103e+00
2.748245e+01	4.401267e+00	1.003133e+01
2.784065e+01	4.547297e+00	1.014788e+01
2.819383e+01	4.687818e+00	1.030033e+01
2.855641e+01	4.809440e+00	1.048387e+01
2.894951e+01	4.898073e+00	1.069422e+01
2.928858e+01	4.930678e+00	1.086726e+01
2.969727e+01	4.916283e+00	1.104458e+01
3.009099e+01	4.857429e+00	1.116763e+01
3.046199e+01	4.778385e+00	1.123451e+01
3.082138e+01	4.698198e+00	1.125644e+01
3.118247e+01	4.631312e+00	1.124524e+01
3.156116e+01	4.590975e+00	1.121291e+01
3.199188e+01	4.593618e+00	1.117374e+01
3.250594e+01	4.664459e+00	1.115699e+01
3.295673e+01	4.770593e+00	1.119011e+01
3.336228e+01	4.878947e+00	1.126233e+01
3.375369e+01	4.974397e+00	1.136347e+01
3.415800e+01	5.045619e+00	1.148617e+01
3.461925e+01	5.078130e+00	1.162518e+01
3.514360e+01	5.048393e+00	1.174932e+01
3.560470e+01	4.976791e+00	1.180776e+01
3.601753e+01	4.895985e+00	1.181470e+01
3.641094e+01	4.822495e+00	1.178652e+01
3.680910e+01	4.767043e+00	1.173481e+01
3.724105e+01	4.740372e+00	1.166977e+01
3.754695e+01	4.745115e+00	1.162851e+01
3.780984e+01	4.763796e+00	1.160142e+01
3.804322e+01	4.789768e+00	1.158621e+01
3.860733e+01	4.873857e+00	1.158896e+01
3.908102e+01	4.944322e+00	1.163090e+01
3.953128e+01	4.989389e+00	1.169085e+01
4.002441e+01	4.999202e+00	1.175748e+01
4.059431e+01	4.955527e+00	1.180621e+01
4.109547e+01	4.881184e+00	1.180591e+01
4.154319e+01	4.804574e+00	1.176851e+01
4.197109e+01	4.738656e+00	1.170642e+01
4.241070e+01	4.691252e+00	1.162794e+01
4.291375e+01	4.670848e+00	1.153854e+01
4.348463e+01	4.688708e+00	1.146070e+01
4.399893e+01	4.726624e+00	1.142387e+01
4.447306e+01	4.761301e+00	1.141650e+01
4.494471e+01	4.779640e+00	1.142446e+01
4.547249e+01	4.769018e+00	1.143385e+01
4.607158e+01	4.715278e+00	1.142142e+01
4.660532e+01	4.642036e+00	1.137605e+01
4.708752e+01	4.571435e+00	1.130661e+01
4.755416e+01	4.512905e+00	1.122103e+01
4.804668e+01	4.471639e+00	1.112357e+01
4.938467e+01	4.465683e+00	1.091745e+01
4.980908e+01	4.475253e+00	1.088167e+01
5.027857e+01	4.476483e+00	1.085305e+01
5.081630e+01	4.457030e+00	1.082265e+01
5.148478e+01	4.399155e+00	1.076798e+01
5.208224e+01	4.326569e+00	1.069067e+01
5.261828e+01	4.259829e+00	1.059856e+01
5.313722e+01	4.205994e+00	1.049676e+01
5.370271e+01	4.167127e+00	1.038453e+01
5.439858e+01	4.146273e+00	1.026265e+01
5.503113e+01	4.139591e+00	1.017574e+01
5.561763e+01	4.127909e+00	1.011143e+01
5.622599e+01	4.098439e+00	1.004915e+01
5.698726e+01	4.033221e+00	9.957137e+00
5.766478e+01	3.960012e+00	9.851034e+00
5.827292e+01	3.897091e+00	9.738753e+00
5.887333e+01	3.848076e+00	9.621860e+00
5.942029e+01	3.817513e+00	9.519594e+00
6.003083e+01	3.795202e+00	9.417671e+00
6.063158e+01	3.776350e+00	9.331389e+00
6.123704e+01	3.750583e+00	9.253418e+00
6.248766e+01	3.657710e+00	9.083769e+00
6.360389e+01	3.553938e+00	8.894397e+00
6.471150e+01	3.475731e+00	8.692538e+00
6.565581e+01	3.432275e+00	8.538454e+00
6.656010e+01	3.390452e+00	8.410141e+00
6.767393e+01	3.316255e+00	8.254335e+00
6.868364e+01	3.233962e+00	8.095031e+00
6.979483e+01	3.153820e+00	7.906198e+00
7.077387e+01	3.101432e+00	7.748371e+00
7.174153e+01	3.054723e+00	7.608455e+00
7.302325e+01	2.977346e+00	7.430884e+00
7.413924e+01	2.897920e+00	7.264474e+00
7.530943e+01	2.823121e+00	7.082300e+00
7.634087e+01	2.770003e+00	6.930107e+00
7.744905e+01	2.714824e+00	6.779810e+00
7.828246e+01	2.667455e+00	6.669447e+00
7.920127e+01	2.610286e+00	6.543859e+00
8.016911e+01	2.551642e+00	6.407155e+00
8.091667e+01	2.511243e+00	6.302464e+00
8.154997e+01	2.480208e+00	6.216929e+00
8.205488e+01	2.456435e+00	6.151282e+00
8.321338e+01	2.399849e+00	6.006546e+00
8.433632e+01	2.339369e+00	5.866730e+00
8.569572e+01	2.266531e+00	5.693684e+00
8.683148e+01	2.212593e+00	5.552384e+00
8.809068e+01	2.156552e+00	5.404576e+00
8.899865e+01	2.114407e+00	5.301380e+00
8.967426e+01	2.081828e+00	5.224554e+00
9.022683e+01	2.055108e+00	5.161357e+00
9.072475e+01	2.031535e+00	5.104338e+00
9.203937e+01	1.973480e+00	4.956355e+00
9.336634e+01	1.919017e+00	4.814377e+00
9.407326e+01	1.889703e+00	4.741172e+00
9.481932e+01	1.858055e+00	4.664540e+00
9.545912e+01	1.830745e+00	4.598894e+00
9.602787e+01	1.806840e+00	4.540657e+00
9.748298e+01	1.749132e+00	4.394432e+00
9.893114e+01	1.695164e+00	4.255708e+00
9.993828e+01	1.657439e+00	4.162231e+00
1.007682e+02	1.626160e+00	4.085966e+00
1.014933e+02	1.599265e+00	4.019804e+00
1.021995e+02	1.573886e+00	3.956136e+00
1.030794e+02	1.543485e+00	3.878467e+00
1.039424e+02	1.514519e+00	3.804358e+00
1.047913e+02	1.486219e+00	3.733148e+00
1.058302e+02	1.451542e+00	3.647475e+00
1.065766e+02	1.426884e+00	3.586645e+00
1.073091e+02	1.403243e+00	3.527653e+00
1.096028e+02	1.333180e+00	3.349831e+00
1.115393e+02	1.275918e+00	3.207147e+00
1.137171e+02	1.214368e+00	3.052672e+00
1.152407e+02	1.173579e+00	2.949482e+00
1.164977e+02	1.140584e+00	2.867024e+00
1.177748e+02	1.107802e+00	2.785221e+00
1.190622e+02	1.075949e+00	2.704976e+00
1.197553e+02	1.059284e+00	2.662827e+00
1.202929e+02	1.046532e+00	2.630638e+00
1.222541e+02	1.000949e+00	2.516428e+00
1.245023e+02	9.510609e-01	2.391129e+00
1.262713e+02	9.137535e-01	2.297110e+00
1.277353e+02	8.838117e-01	2.222080e+00
1.301004e+02	8.375333e-01	2.105759e+00
1.322517e+02	7.976384e-01	2.005389e+00
1.340618e+02	7.654184e-01	1.924555e+00
1.352179e+02	7.455650e-01	1.874606e+00
1.359899e+02	7.326168e-01	1.841995e+00
1.387957e+02	6.873299e-01	1.728201e+00
1.421880e+02	6.363055e-01	1.599868e+00
1.457354e+02	5.869518e-01	1.475842e+00
1.492473e+02	5.418896e-01	1.362531e+00
1.500000e+02	5.326815e-01	1.339391e+00


# == Iter    8 ==
Timepoint   	           1	           2
0.000000e+00	0.000000e+00	0.000000e+00
1.000000e-04	3.473618e-05	2.084010e-09
1.010000e-02	3.502423e-03	2.119960e-05
9.199253e-02	3.150144e-02	1.720006e-03
3.157041e-01	1.054371e-01	1.916393e-02
5.009833e-01	1.650397e-01	4.630036e-02
6.878674e-01	2.241981e-01	8.395132e-02
8.840182e-01	2.850844e-01	1.333372e-01
1.091999e+00	3.475356e-01	1.953233e-01
1.313908e+00	4.104274e-01	2.705723e-01
1.552720e+00	4.718747e-01	3.596137e-01
1.813842e+00	5.292514e-01	4.630966e-01
2.110066e+00	5.791812e-01	5.831275e-01
2.464566e+00	6.152886e-01	7.222837e-01
2.811051e+00	6.260013e-01	8.451103e-01
3.119182e+00	6.183437e-01	9.380031e-01
3.403352e+00	6.015391e-01	1.007764e+00
3.676501e+00	5.816525e-01	1.060320e+00
3.947140e+00	5.636334e-01	1.099890e+00
4.222551e+00	5.524174e-01	1.130390e+00
4.512987e+00	5.538162e-01	1.156600e+00
4.846559e+00	5.778798e-01	1.186856e+00
5.212903e+00	6.361007e-01	1.231249e+00
5.529478e+00	7.129554e-01	1.287668e+00
5.814997e+00	8.001933e-01	1.357861e+00
6.087989e+00	8.949057e-01	1.444256e+00
6.358804e+00	9.942702e-01	1.548723e+00
6.633796e+00	1.094421e+00	1.672201e+00
6.918584e+00	1.190519e+00	1.814825e+00
7.220935e+00	1.276923e+00	1.976527e+00
7.558231e+00	1.347231e+00	2.159783e+00
7.942359e+00	1.388640e+00	2.357800e+00
8.305576e+00	1.391022e+00	2.521282e+00
8.630694e+00	1.369133e+00	2.640378e+00
8.933218e+00	1.336841e+00	2.725606e+00
9.226631e+00	1.303666e+00	2.785839e+00
9.520802e+00	1.277922e+00	2.828086e+00
9.826096e+00	1.268539e+00	2.859651e+00
1.016304e+01	1.288079e+00	2.890951e+00
1.050768e+01	1.347051e+00	2.932898e+00
1.084506e+01	1.444053e+00	2.996880e+00
1.115523e+01	1.563421e+00	3.084607e+00
1.144895e+01	1.695940e+00	3.197638e+00
1.173699e+01	1.835398e+00	3.337534e+00
1.202712e+01	1.975328e+00	3.505038e+00
1.232620e+01	2.108188e+00	3.699836e+00
1.264340e+01	2.225330e+00	3.921279e+00
1.299949e+01	2.316845e+00	4.172738e+00
1.324451e+01	2.351930e+00	4.338217e+00
1.344467e+01	2.363669e+00	4.464274e+00
1.362330e+01	2.362174e+00	4.567551e+00
1.379592e+01	2.351267e+00	4.657686e+00
1.396020e+01	2.333722e+00	4.733798e+00
1.412113e+01	2.311393e+00	4.798800e+00
1.428848e+01	2.284714e+00	4.856317e+00
1.444928e+01	2.257757e+00	4.902224e+00
1.461030e+01	2.231522e+00	4.939670e+00
1.503042e+01	2.181179e+00	5.005252e+00
1.538608e+01	2.177615e+00	5.040460e+00
1.577784e+01	2.232911e+00	5.083298e+00
1.617406e+01	2.358615e+00	5.158357e+00
1.651891e+01	2.519893e+00	5.268092e+00
1.683274e+01	2.697279e+00	5.412382e+00
1.713460e+01	2.881751e+00	5.592638e+00
1.743626e+01	3.064745e+00	5.809698e+00
1.774658e+01	3.235908e+00	6.062832e+00
1.807655e+01	3.383123e+00	6.350796e+00
1.845263e+01	3.492131e+00	6.679418e+00
1.890965e+01	3.531791e+00	7.041196e+00
1.929916e+01	3.494750e+00	7.288962e+00
1.964029e+01	3.427443e+00	7.448851e+00
1.995986e+01	3.354809e+00	7.550348e+00
1.997355e+01	3.351796e+00	7.553742e+00
1.998206e+01	3.349935e+00	7.555814e+00
1.999669e+01	3.346753e+00	7.559315e+00
2.002405e+01	3.340875e+00	7.565643e+00
2.005105e+01	3.335175e+00	7.571617e+00
2.026018e+01	3.295650e+00	7.609608e+00
2.072963e+01	3.255992e+00	7.658556e+00
2.114066e+01	3.300241e+00	7.694673e+00
2.158872e+01	3.440413e+00	7.771363e+00
2.196878e+01	3.621581e+00	7.892623e+00
2.230805e+01	3.811824e+00	8.053437e+00
2.263315e+01	3.999150e+00	8.252481e+00
2.296063e+01	4.173222e+00	8.488817e+00
2.330458e+01	4.321575e+00	8.760360e+00
2.369060e+01	4.429103e+00	9.068966e+00
2.395779e+01	4.462537e+00	9.270121e+00
2.417306e+01	4.465585e+00	9.417852e+00
2.436462e+01	4.452056e+00	9.535293e+00
2.455217e+01	4.426153e+00	9.635570e+00
2.472943e+01	4.392505e+00	9.715946e+00
2.490324e+01	4.353329e+00	9.780813e+00
2.534721e+01	4.243461e+00	9.886438e+00
2.571510e+01	4.165930e+00	9.919517e+00
2.607218e+01	4.123789e+00	9.922548e+00
2.646003e+01	4.129618e+00	9.917287e+00
2.674948e+01	4.172137e+00	9.922624e+00
2.711307e+01	4.267853e+00	9.955917e+00
2.747737e+01	4.399172e+00	1.002983e+01
2.783154e+01	4.543449e+00	1.014425e+01
2.818327e+01	4.683749e+00	1.029516e+01
2.854490e+01	4.805998e+00	1.047762e+01
2.893639e+01	4.895870e+00	1.068708e+01
2.926126e+01	4.929500e+00	1.085382e+01
2.966792e+01	4.918991e+00	1.103320e+01
3.006288e+01	4.862618e+00	1.116042e+01
3.043502e+01	4.784375e+00	1.123105e+01
3.079476e+01	4.703756e+00	1.125590e+01
3.115522e+01	4.635427e+00	1.124676e+01
3.153184e+01	4.592632e+00	1.121556e+01
3.195602e+01	4.591203e+00	1.117629e+01
3.249028e+01	4.661243e+00	1.115652e+01
3.295187e+01	4.769195e+00	1.118927e+01
3.336169e+01	4.878667e+00	1.126199e+01
3.375461e+01	4.974471e+00	1.136352e+01
3.415950e+01	5.045686e+00	1.148641e+01
3.462128e+01	5.078018e+00	1.162552e+01
3.514508e+01	5.048086e+00	1.174935e+01
3.560582e+01	4.976449e+00	1.180759e+01
3.601847e+01	4.895658e+00	1.181443e+01
3.641184e+01	4.822202e+00	1.178618e+01
3.681003e+01	4.766802e+00	1.173443e+01
3.724210e+01	4.740209e+00	1.166937e+01
3.769683e+01	4.754098e+00	1.161164e+01
3.816611e+01	4.806056e+00	1.158170e+01
3.860516e+01	4.873363e+00	1.158858e+01
3.902649e+01	4.936907e+00	1.162436e+01
3.945368e+01	4.983674e+00	1.167961e+01
3.992426e+01	5.000756e+00	1.174473e+01
4.029403e+01	4.985217e+00	1.178573e+01
4.072638e+01	4.938198e+00	1.181018e+01
4.115540e+01	4.870908e+00	1.180257e+01
4.157285e+01	4.799445e+00	1.176463e+01
4.198992e+01	4.735969e+00	1.170297e+01
4.242692e+01	4.689845e+00	1.162464e+01
4.293333e+01	4.670633e+00	1.153504e+01
4.349880e+01	4.689405e+00	1.145893e+01
4.400946e+01	4.727297e+00	1.142315e+01
4.448202e+01	4.761673e+00	1.141623e+01
4.495359e+01	4.779584e+00	1.142435e+01
4.548340e+01	4.768245e+00	1.143359e+01
4.607924e+01	4.714178e+00	1.142069e+01
4.661070e+01	4.641066e+00	1.137508e+01
4.709180e+01	4.570658e+00	1.130556e+01
4.755816e+01	4.512297e+00	1.121991e+01
4.805101e+01	4.471205e+00	1.112238e+01
4.854798e+01	4.454361e+00	1.103058e+01
4.908326e+01	4.458199e+00	1.095105e+01
4.959475e+01	4.470758e+00	1.089782e+01
5.009342e+01	4.477518e+00	1.086313e+01
5.061683e+01	4.466994e+00	1.083416e+01
5.112351e+01	4.434488e+00	1.080067e+01
5.166873e+01	4.377902e+00	1.074693e+01
5.218712e+01	4.312970e+00	1.067380e+01
5.268481e+01	4.251943e+00	1.058562e+01
5.319008e+01	4.201238e+00	1.048575e+01
5.376045e+01	4.164192e+00	1.037315e+01
5.442679e+01	4.145675e+00	1.025790e+01
5.503952e+01	4.139305e+00	1.017435e+01
5.561525e+01	4.127793e+00	1.011129e+01
5.621754e+01	4.098802e+00	1.004966e+01
5.745295e+01	3.983135e+00	9.886351e+00
5.778224e+01	3.947029e+00	9.829962e+00
5.806909e+01	3.916884e+00	9.777252e+00
5.835684e+01	3.889106e+00	9.722119e+00
5.915640e+01	3.830473e+00	9.567535e+00
6.001999e+01	3.795342e+00	9.418950e+00
6.079628e+01	3.770166e+00	9.309220e+00
6.153482e+01	3.733183e+00	9.215308e+00
6.207267e+01	3.693838e+00	9.143873e+00
6.266862e+01	3.640648e+00	9.055180e+00
6.325894e+01	3.584754e+00	8.955974e+00
6.384969e+01	3.533277e+00	8.848843e+00
6.449145e+01	3.488173e+00	8.731230e+00
6.489737e+01	3.465831e+00	8.659927e+00
6.525416e+01	3.449159e+00	8.600627e+00
6.558013e+01	3.435247e+00	8.549507e+00
6.639097e+01	3.399051e+00	8.432897e+00
6.723291e+01	3.348725e+00	8.317290e+00
6.812235e+01	3.279915e+00	8.185637e+00
6.895954e+01	3.211919e+00	8.048152e+00
6.979144e+01	3.153830e+00	7.906352e+00
7.039604e+01	3.119894e+00	7.806915e+00
7.108462e+01	3.086529e+00	7.701455e+00
7.179735e+01	3.051632e+00	7.600312e+00
7.258528e+01	3.006173e+00	7.491976e+00
7.350394e+01	2.943204e+00	7.360527e+00
7.441307e+01	2.878797e+00	7.221463e+00
7.540498e+01	2.817583e+00	7.067265e+00
7.643334e+01	2.765340e+00	6.916697e+00
7.756076e+01	2.708635e+00	6.764643e+00
7.835610e+01	2.662806e+00	6.659162e+00
7.923274e+01	2.608118e+00	6.539048e+00
8.015012e+01	2.552539e+00	6.409430e+00
8.089657e+01	2.512078e+00	6.304821e+00
8.153473e+01	2.480743e+00	6.218532e+00
8.204242e+01	2.456831e+00	6.152465e+00
8.320262e+01	2.400216e+00	6.007464e+00
8.432537e+01	2.339786e+00	5.867702e+00
8.567557e+01	2.267366e+00	5.695837e+00
8.680995e+01	2.213380e+00	5.554589e+00
8.806086e+01	2.157716e+00	5.407589e+00
8.897704e+01	2.115256e+00	5.303432e+00
8.965644e+01	2.082514e+00	5.226190e+00
9.021139e+01	2.055671e+00	5.162729e+00
9.070979e+01	2.032054e+00	5.105654e+00
9.202011e+01	1.974111e+00	4.958083e+00
9.333912e+01	1.919959e+00	4.816830e+00
9.407338e+01	1.889525e+00	4.740774e+00
9.482646e+01	1.857577e+00	4.663422e+00
9.546999e+01	1.830113e+00	4.597396e+00
9.604096e+01	1.806127e+00	4.538940e+00
9.750260e+01	1.748220e+00	4.392127e+00
9.896136e+01	1.693875e+00	4.252506e+00
9.996638e+01	1.656215e+00	4.159271e+00
1.007947e+02	1.625005e+00	4.083173e+00
1.015192e+02	1.598157e+00	4.017089e+00
1.022290e+02	1.572687e+00	3.953142e+00
1.030901e+02	1.542966e+00	3.877183e+00
1.051654e+02	1.473573e+00	3.701803e+00
1.068702e+02	1.417174e+00	3.562552e+00
1.084065e+02	1.368969e+00	3.440800e+00
1.096895e+02	1.330452e+00	3.342988e+00
1.105232e+02	1.305705e+00	3.281063e+00
1.114468e+02	1.278480e+00	3.213528e+00
1.137743e+02	1.212672e+00	3.048404e+00
1.154123e+02	1.168909e+00	2.937784e+00
1.166550e+02	1.136358e+00	2.856528e+00
1.200234e+02	1.052777e+00	2.646417e+00
1.229947e+02	9.840517e-01	2.474177e+00
1.256323e+02	9.269531e-01	2.330333e+00
1.282631e+02	8.731219e-01	2.195314e+00
1.309062e+02	8.222688e-01	2.067313e+00
1.338125e+02	7.696666e-01	1.935245e+00
1.367480e+02	7.200110e-01	1.810290e+00
1.397953e+02	6.717642e-01	1.689109e+00
1.429145e+02	6.257822e-01	1.573435e+00
1.463119e+02	5.792172e-01	1.456397e+00
1.498831e+02	5.340138e-01	1.342753e+00
1.500000e+02	5.325946e-01	1.339186e+00


# == Iter   -1 ==
Timepoint   	           1	           2
0.000000e+00	0.000000e+00	0.000000e+00
1.000000e-04	3.473618e-05	2.084010e-09
1.010000e-02	3.502423e-03	2.119960e-05
9.199253e-02	3.150144e-02	1.720006e-03
3.157041e-01	1.054371e-01	1.916393e-02
5.009833e-01	1.650397e-01	4.630036e-02
6.878674e-01	2.241981e-01	8.395132e-02
8.840182e-01	2.850844e-01	1.333372e-01
1.091999e+00	3.475356e-01	1.953233e-01
1.313908e+00	4.104274e-01	2.705723e-01
1.552720e+00	4.718747e-01	3.596137e-01
1.813842e+00	5.292514e-01	4.630966e-01
2.110066e+00	5.791812e-01	5.831275e-01
2.464566e+00	6.152886e-01	7.222837e-01
2.811051e+00	6.260013e-01	8.451103e-01
3.119182e+00	6.183437e-01	9.380031e-01
3.403352e+00	6.015391e-01	1.007764e+00
3.676501e+00	5.816525e-01	1.060320e+00
3.947140e+00	5.636334e-01	1.099890e+00
4.222551e+00	5.524174e-01	1.130390e+00
4.512987e+00	5.538162e-01	1.156600e+00
4.846559e+00	5.778798e-01	1.186856e+00
5.212903e+00	6.361007e-01	1.231249e+00
5.529478e+00	7.129554e-01	1.287668e+00
5.814997e+00	8.001933e-01	1.357861e+00
6.087989e+00	8.949057e-01	1.444256e+00
6.358804e+00	9.942702e-01	1.548723e+00
6.633796e+00	1.094421e+00	1.672201e+00
6.918584e+00	1.190519e+00	1.814825e+00
7.220935e+00	1.276923e+00	1.976527e+00
7.558231e+00	1.347231e+00	2.159783e+00
7.942359e+00	1.388640e+00	2.357800e+00
8.305576e+00	1.391022e+00	2.521282e+00
8.630694e+00	1.369133e+00	2.640378e+00
8.933218e+00	1.336841e+00	2.725606e+00
9.226631e+00	1.303666e+00	2.785839e+00
9.520802e+00	1.277922e+00	2.828086e+00
9.826096e+00	1.268539e+00	2.859651e+00
1.016304e+01	1.288079e+00	2.890951e+00
1.050768e+01	1.347051e+00	2.932898e+00
1.084506e+01	1.444053e+00	2.996880e+00
1.115523e+01	1.563421e+00	3.084607e+00
1.144895e+01	1.695940e+00	3.197638e+00
1.173699e+01	1.835398e+00	3.337534e+00
1.202712e+01	1.975328e+00	3.505038e+00
1.232620e+01	2.108188e+00	3.699836e+00
1.264340e+01	2.225330e+00	3.921279e+00
1.299949e+01	2.316845e+00	4.172738e+00
1.324451e+01	2.351930e+00	4.338217e+00
1.344467e+01	2.363669e+00	4.464274e+00
1.362330e+01	2.362174e+00	4.567551e+00
1.379592e+01	2.351267e+00	4.657686e+00
1.396020e+01	2.333722e+00	4.733798e+00
1.412113e+01	2.311393e+00	4.798800e+00
1.428848e+01	2.284714e+00	4.856317e+00
1.444928e+01	2.257757e+00	4.902224e+00
1.461030e+01	2.231522e+00	4.939670e+00
1.503042e+01	2.181179e+00	5.005252e+00
1.538608e+01	2.177615e+00	5.040460e+00
1.577784e+01	2.232911e+00	5.083298e+00
1.617406e+01	2.358615e+00	5.158357e+00
1.651891e+01	2.519893e+00	5.268092e+00
1.683274e+01	2.697279e+00	5.412382e+00
1.713460e+01	2.881751e+00	5.592638e+00
1.743626e+01	3.064745e+00	5.809698e+00
1.774658e+01	3.235908e+00	6.062832e+00
1.807655e+01	3.383123e+00	6.350796e+00
1.845263e+01	3.492131e+00	6.679418e+00
1.890965e+01	3.531791e+00	7.041196e+00
1.929916e+01	3.494750e+00	7.288962e+00
1.964029e+01	3.427443e+00	7.448851e+00
1.995986e+01	3.354809e+00	7.550348e+00
1.997355e+01	3.351796e+00	7.553742e+00
1.998206e+01	3.349935e+00	7.555814e+00
1.999669e+01	3.346753e+00	7.559315e+00
2.002405e+01	3.340875e+00	7.565643e+00
2.005105e+01	3.335175e+00	7.571617e+00
2.026018e+01	3.295650e+00	7.609608e+00
2.072963e+01	3.255992e+00	7.658556e+00
2.114066e+01	3.300241e+00	7.694673e+00
2.158872e+01	3.440413e+00	7.771363e+00
2.196878e+01	3.621581e+00	7.892623e+00
2.230805e+01	3.811824e+00	8.053437e+00
2.263315e+01	3.999150e+00	8.252481e+00
2.296063e+01	4.173222e+00	8.488817e+00
2.330458e+01	4.321575e+00	8.760360e+00
2.369060e+01	4.429103e+00	9.068966e+00
2.395779e+01	4.462537e+00	9.270121e+00
2.417306e+01	4.465585e+00	9.417852e+00
2.436462e+01	4.452056e+00	9.535293e+00
2.455217e+01	4.426153e+00	9.635570e+00
2.472943e+01	4.392505e+00	9.715946e+00
2.490324e+01	4.353329e+00	9.780813e+00
2.534721e+01	4.243461e+00	9.886438e+00
2.571510e+01	4.165930e+00	9.919517e+00
2.607218e+01	4.123789e+00	9.922548e+00
2.646003e+01	4.129618e+00	9.917287e+00
2.674948e+01	4.172137e+00	9.922624e+00
2.711307e+01	4.267853e+00	9.955917e+00
2.747737e+01	4.399172e+00	1.002983e+01
2.783154e+01	4.543449e+00	1.014425e+01
2.818327e+01	4.683749e+00	1.029516e+01
2.854490e+01	4.805998e+00	1.047762e+01
2.893639e+01	4.895870e+00	1.068708e+01
2.926126e+01	4.929500e+00	1.085382e+01
2.966792e+01	4.918991e+00	1.103320e+01
3.006288e+01	4.862618e+00	1.116042e+01
3.043502e+01	4.784375e+00	1.123105e+01
3.079476e+01	4.703756e+00	1.125590e+01
3.115522e+01	4.635427e+00	1.124676e+01
3.153184e+01	4.592632e+00	1.121556e+01
3.195602e+01	4.591203e+00	1.117629e+01
3.249028e+01	4.661243e+00	1.115652e+01
3.295187e+01	4.769195e+00	1.118927e+01
3.336169e+01	4.878667e+00	1.126199e+01
3.375461e+01	4.974471e+00	1.136352e+01
3.415950e+01	5.045686e+00	1.148641e+01
3.462128e+01	5.078018e+00	1.162552e+01
3.514508e+01	5.048086e+00	1.174935e+01
3.560582e+01	4.976449e+00	1.180759e+01
3.601847e+01	4.895658e+00	1.181443e+01
3.641184e+01	4.822202e+00	1.178618e+01
3.681003e+01	4.766802e+00	1.173443e+01
3.724210e+01	4.740209e+00	1.166937e+01
3.769683e+01	4.754098e+00	1.161164e+01
3.816611e+01	4.806056e+00	1.158170e+01
3.860516e+01	4.873363e+00	1.158858e+01
3.902649e+01	4.936907e+00	1.162436e+01
3.945368e+01	4.983674e+00	1.167961e+01
3.992426e+01	5.000756e+00	1.174473e+01
4.029403e+01	4.985217e+00	1.178573e+01
4.072638e+01	4.938198e+00	1.181018e+01
4.115540e+01	4.870908e+00	1.180257e+01
4.157285e+01	4.799445e+00	1.176463e+01
4.198992e+01	4.735969e+00	1.170297e+01
4.242692e+01	4.689845e+00	1.162464e+01
4.293333e+01	4.670633e+00	1.153504e+01
4.349880e+01	4.689405e+00	1.145893e+01
4.400946e+01	4.727297e+00	1.142315e+01
4.448202e+01	4.761673e+00	1.141623e+01
4.495359e+01	4.779584e+00	1.142435e+01
4.548340e+01	4.768245e+00	1.143359e+01
4.607924e+01	4.714178e+00	1.142069e+01
4.661070e+01	4.641066e+00	1.137508e+01
4.709180e+01	4.570658e+00	1.130556e+01
4.755816e+01	4.512297e+00	1.121991e+01
4.805101e+01	4.471205e+00	1.112238e+01
4.854798e+01	4.454361e+00	1.103058e+01
4.908326e+01	4.458199e+00	1.095105e+01
4.959475e+01	4.470758e+00	1.089782e+01
5.009342e+01	4.477518e+00	1.086313e+01
5.061683e+01	4.466994e+00	1.083416e+01
5.112351e+01	4.434488e+00	1.080067e+01
5.166873e+01	4.377902e+00	1.074693e+01
5.218712e+01	4.312970e+00	1.067380e+01
5.268481e+01	4.251943e+00	1.058562e+01
5.319008e+01	4.201238e+00	1.048575e+01
5.376045e+01	4.164192e+00	1.037315e+01
5.442679e+01	4.145675e+00	1.025790e+01
5.503952e+01	4.139305e+00	1.017435e+01
5.561525e+01	4.127793e+00	1.011129e+01
5.621754e+01	4.098802e+00	1.004966e+01
5.745295e+01	3.983135e+00	9.886351e+00
5.778224e+01	3.947029e+00	9.829962e+00
5.806909e+01	3.916884e+00	9.777252e+00
5.835684e+01	3.889106e+00	9.722119e+00
5.915640e+01	3.830473e+00	9.567535e+00
6.001999e+01	3.795342e+00	9.418950e+00
6.079628e+01	3.770166e+00	9.309220e+00
6.153482e+01	3.733183e+00	9.215308e+00
6.207267e+01	3.693838e+00	9.143873e+00
6.266862e+01	3.640648e+00	9.055180e+00
6.325894e+01	3.584754e+00	8.955974e+00
6.384969e+01	3.533277e+00	8.848843e+00
6.449145e+01	3.488173e+00	8.731230e+00
6.489737e+01	3.465831e+00	8.659927e+00
6.525416e+01	3.449159e+00	8.600627e+00
6.558013e+01	3.435247e+00	8.549507e+00
6.639097e+01	3.399051e+00	8.432897e+00
6.723291e+01	3.348725e+00	8.317290e+00
6.812235e+01	3.279915e+00	8.185637e+00
6.895954e+01	3.211919e+00	8.048152e+00
6.979144e+01	3.153830e+00	7.906352e+00
7.039604e+01	3.119894e+00	7.806915e+00
7.108462e+01	3.086529e+00	7.701455e+00
7.179735e+01	3.051632e+00	7.600312e+00
7.258528e+01	3.006173e+00	7.491976e+00
7.350394e+01	2.943204e+00	7.360527e+00
7.441307e+01	2.878797e+00	7.221463e+00
7.540498e+01	2.817583e+00	7.067265e+00
7.643334e+01	2.765340e+00	6.916697e+00
7.756076e+01	2.708635e+00	6.764643e+00
7.835610e+01	2.662806e+00	6.659162e+00
7.923274e+01	2.608118e+00	6.539048e+00
8.015012e+01	2.552539e+00	6.409430e+00
8.089657e+01	2.512078e+00	6.304821e+00
8.153473e+01	2.480743e+00	6.218532e+00
8.204242e+01	2.456831e+00	6.152465e+00
8.320262e+01	2.400216e+00	6.007464e+00
8.432537e+01	2.339786e+00	5.867702e+00
8.567557e+01	2.267366e+00	5.695837e+00
8.680995e+01	2.213380e+00	5.554589e+00
8.806086e+01	2.157716e+00	5.407589e+00
8.897704e+01	2.115256e+00	5.303432e+00
8.965644e+01	2.082514e+00	5.226190e+00
9.021139e+01	2.055671e+00	5.162729e+00
9.070979e+01	2.032054e+00	5.105654e+00
9.202011e+01	1.974111e+00	4.958083e+00
9.333912e+01	1.919959e+00	4.816830e+00
9.407338e+01	1.889525e+00	4.740774e+00
9.482646e+01	1.857577e+00	4.663422e+00
9.546999e+01	1.830113e+00	4.597396e+00
9.604096e+01	1.806127e+00	4.538940e+00
9.750260e+01	1.748220e+00	4.392127e+00
9.896136e+01	1.693875e+00	4.252506e+00
9.996638e+01	1.656215e+00	4.159271e+00
1.007947e+02	1.625005e+00	4.083173e+00
1.015192e+02	1.598157e+00	4.017089e+00
1.022290e+02	1.572687e+00	3.953142e+00
1.030901e+02	1.542966e+00	3.877183e+00
1.051654e+02	1.473573e+00	3.701803e+00
1.068702e+02	1.417174e+00	3.562552e+00
1.084065e+02	1.368969e+00	3.440800e+00
1.096895e+02	1.330452e+00	3.342988e+00
1.105232e+02	1.305705e+00	3.281063e+00
1.114468e+02	1.278480e+00	3.213528e+00
1.137743e+02	1.212672e+00	3.048404e+00
1.154123e+02	1.168909e+00	2.937784e+00
1.166550e+02	1.136358e+00	2.856528e+00
1.200234e+02	1.052777e+00	2.646417e+00
1.229947e+02	9.840517e-01	2.474177e+00
1.256323e+02	9.269531e-01	2.330333e+00
1.282631e+02	8.731219e-01	2.195314e+00
1.309062e+02	8.222688e-01	2.067313e+00
1.338125e+02	7.696666e-01	1.935245e+00
1.367480e+02	7.200110e-01	1.810290e+00
1.397953e+02	6.717642e-01	1.689109e+00
1.429145e+02	6.257822e-01	1.573435e+00
1.463119e+02	5.792172e-01	1.456397e+00
1.498831e+02	5.340138e-01	1.342753e+00
1.500000e+02	5.325946e-01	1.339186e+00


