Timepoint   	           1	           2	 00001/00001	 00002/00001	 00001/00002	 00002/00002	 00001/00003	 00002/00003
0.000000e+00	0.000000e+00	0.000000e+00	0.000000e+00	0.000000e+00	0.000000e+00	0.000000e+00	0.000000e+00	0.000000e+00
1.500000e+00	4.589612e-01	3.393912e-01	-1.719374e-01	1.802765e-01	-2.240564e-01	-1.250855e-01	1.025495e-01	-1.061553e-01
3.000000e+00	6.229053e-01	9.041374e-01	-3.214803e-01	3.612759e-01	-5.702027e-01	-5.969337e-01	3.921719e-01	-4.249338e-01
4.500000e+00	5.533918e-01	1.155487e+00	-2.999955e-01	3.778868e-01	-7.868166e-01	-1.168371e+00	5.850188e-01	-6.783551e-01
6.000000e+00	8.634905e-01	1.414316e+00	-3.770183e-01	4.931007e-01	-1.102533e+00	-1.741236e+00	6.854961e-01	-8.544145e-01
7.500000e+00	1.337275e+00	2.128436e+00	-6.225066e-01	7.984385e-01	-1.722081e+00	-2.638978e+00	9.752582e-01	-1.241453e+00
9.000000e+00	1.329102e+00	2.741173e+00	-6.957146e-01	9.535836e-01	-2.307396e+00	-3.868035e+00	1.330728e+00	-1.736697e+00
1.050000e+01	1.345285e+00	2.931764e+00	-6.444831e-01	9.817121e-01	-2.752165e+00	-5.058435e+00	1.461424e+00	-2.036946e+00
1.200000e+01	1.962539e+00	3.488405e+00	-8.570731e-01	1.281299e+00	-3.508486e+00	-6.363390e+00	1.625705e+00	-2.383735e+00
1.350000e+01	2.364337e+00	4.497310e+00	-1.130020e+00	1.675750e+00	-4.540835e+00	-8.185956e+00	2.072008e+00	-3.050240e+00
1.500000e+01	2.183441e+00	5.001716e+00	-1.083442e+00	1.764619e+00	-5.340798e+00	-1.021765e+01	2.403477e+00	-3.653746e+00
1.650000e+01	2.509995e+00	5.260820e+00	-1.097844e+00	1.906155e+00	-6.149785e+00	-1.212466e+01	2.477862e+00	-4.021349e+00
1.800000e+01	3.352862e+00	6.283220e+00	-1.468202e+00	2.428758e+00	-7.471675e+00	-1.440834e+01	2.807258e+00	-4.663430e+00
1.950000e+01	3.457644e+00	7.389795e+00	-1.644569e+00	2.796715e+00	-8.845478e+00	-1.728218e+01	3.361448e+00	-5.588765e+00
2.100000e+01	3.275874e+00	7.680487e+00	-1.495166e+00	2.835854e+00	-9.874461e+00	-2.011031e+01	3.564552e+00	-6.211873e+00
2.250000e+01	3.923105e+00	8.166089e+00	-1.644744e+00	3.169234e+00	-1.117281e+01	-2.286735e+01	3.635841e+00	-6.712882e+00
2.400000e+01	4.464743e+00	9.300301e+00	-1.960267e+00	3.703106e+00	-1.285301e+01	-2.614258e+01	4.047145e+00	-7.582415e+00
2.550000e+01	4.208247e+00	9.905186e+00	-1.891020e+00	3.868882e+00	-1.425266e+01	-2.966793e+01	4.385440e+00	-8.430639e+00
2.700000e+01	4.233592e+00	9.941669e+00	-1.751933e+00	3.945738e+00	-1.546321e+01	-3.290707e+01	4.338986e+00	-8.909880e+00
2.850000e+01	4.792596e+00	1.045403e+01	-1.927808e+00	4.340242e+00	-1.700552e+01	-3.618650e+01	4.371450e+00	-9.461858e+00
3.000000e+01	4.873949e+00	1.114375e+01	-2.023957e+00	4.676819e+00	-1.860435e+01	-3.979293e+01	4.609635e+00	-1.023896e+01
3.150000e+01	4.594844e+00	1.121865e+01	-1.841589e+00	4.727483e+00	-1.987843e+01	-4.328841e+01	4.621395e+00	-1.080812e+01
3.300000e+01	4.781870e+00	1.119577e+01	-1.784709e+00	4.885310e+00	-2.116347e+01	-4.650902e+01	4.444501e+00	-1.117482e+01
3.450000e+01	5.075012e+00	1.159063e+01	-1.895625e+00	5.217291e+00	-2.265604e+01	-4.982499e+01	4.441564e+00	-1.170291e+01
3.600000e+01	4.899338e+00	1.181503e+01	-1.824260e+00	5.371665e+00	-2.399554e+01	-5.321108e+01	4.474191e+00	-1.227209e+01
3.750000e+01	4.743014e+00	1.163405e+01	-1.649696e+00	5.404721e+00	-2.511861e+01	-5.632539e+01	4.290317e+00	-1.261593e+01
3.900000e+01	4.933282e+00	1.162146e+01	-1.641402e+00	5.592203e+00	-2.633390e+01	-5.926200e+01	4.092350e+00	-1.291949e+01
4.050000e+01	4.966233e+00	1.180112e+01	-1.651455e+00	5.801167e+00	-2.758716e+01	-6.224569e+01	4.033103e+00	-1.334712e+01
4.200000e+01	4.734650e+00	1.170130e+01	-1.506572e+00	5.846847e+00	-2.863329e+01	-6.510411e+01	3.904235e+00	-1.369622e+01
4.350000e+01	4.689497e+00	1.145884e+01	-1.385182e+00	5.897613e+00	-2.958788e+01	-6.768647e+01	3.651418e+00	-1.389703e+01
4.500000e+01	4.780040e+00	1.142546e+01	-1.375405e+00	6.053079e+00	-3.061086e+01	-7.016510e+01	3.468142e+00	-1.413966e+01
4.650000e+01	4.657328e+00	1.138747e+01	-1.305949e+00	6.145772e+00	-3.155484e+01	-7.259734e+01	3.343787e+00	-1.442436e+01
4.800000e+01	4.474341e+00	1.113243e+01	-1.160347e+00	6.148104e+00	-3.233383e+01	-7.481636e+01	3.128921e+00	-1.459891e+01
4.950000e+01	4.468472e+00	1.090613e+01	-1.084165e+00	6.205599e+00	-3.309313e+01	-7.682152e+01	2.882841e+00	-1.471303e+01
5.100000e+01	4.444442e+00	1.081000e+01	-1.046797e+00	6.296437e+00	-3.385705e+01	-7.874460e+01	2.711895e+00	-1.487713e+01
5.250000e+01	4.273784e+00	1.062005e+01	-9.416234e-01	6.311253e+00	-3.450181e+01	-8.054445e+01	2.538790e+00	-1.501969e+01
5.400000e+01	4.155012e+00	1.032904e+01	-8.273566e-01	6.302619e+00	-3.504774e+01	-8.212893e+01	2.304918e+00	-1.507676e+01
5.550000e+01	4.131141e+00	1.012321e+01	-7.721918e-01	6.343011e+00	-3.558981e+01	-8.356230e+01	2.092996e+00	-1.512808e+01
5.700000e+01	4.031743e+00	9.955004e+00	-7.089024e-01	6.369088e+00	-3.608506e+01	-8.490278e+01	1.926749e+00	-1.520291e+01
5.850000e+01	3.876503e+00	9.694253e+00	-6.045269e-01	6.343657e+00	-3.647409e+01	-8.608694e+01	1.734889e+00	-1.523122e+01
6.000000e+01	3.795985e+00	9.422082e+00	-5.232646e-01	6.329580e+00	-3.681273e+01	-8.709472e+01	1.522156e+00	-1.521377e+01
6.150000e+01	3.735384e+00	9.219778e+00	-4.719804e-01	6.338001e+00	-3.713461e+01	-8.799031e+01	1.345147e+00	-1.520837e+01
6.300000e+01	3.609165e+00	9.000786e+00	-3.981174e-01	6.316677e+00	-3.738912e+01	-8.877840e+01	1.183979e+00	-1.519909e+01
6.450000e+01	3.487675e+00	8.729716e+00	-3.126917e-01	6.273752e+00	-3.756932e+01	-8.941590e+01	1.001012e+00	-1.514739e+01
6.600000e+01	3.417400e+00	8.487627e+00	-2.539919e-01	6.248781e+00	-3.772142e+01	-8.992184e+01	8.242444e-01	-1.507986e+01
6.750000e+01	3.329396e+00	8.279339e+00	-2.017969e-01	6.224076e+00	-3.784104e+01	-9.033419e+01	6.753725e-01	-1.502078e+01
6.900000e+01	3.208819e+00	8.041299e+00	-1.323619e-01	6.174803e+00	-3.789762e+01	-9.063661e+01	5.262800e-01	-1.494393e+01
7.050000e+01	3.114637e+00	7.790446e+00	-6.885563e-02	6.123166e+00	-3.790829e+01	-9.081465e+01	3.688728e-01	-1.484020e+01
7.200000e+01	3.040807e+00	7.572438e+00	-2.280199e-02	6.082528e+00	-3.789609e+01	-9.089590e+01	2.278364e-01	-1.473473e+01
7.350000e+01	2.943503e+00	7.361132e+00	2.739764e-02	6.032179e+00	-3.784496e+01	-9.089365e+01	1.020979e-01	-1.462875e+01
7.500000e+01	2.841051e+00	7.129745e+00	8.417537e-02	5.968676e+00	-3.774615e+01	-9.079278e+01	-2.722233e-02	-1.450398e+01
7.650000e+01	2.762139e+00	6.907416e+00	1.300619e-01	5.909791e+00	-3.761902e+01	-9.059779e+01	-1.536103e-01	-1.436661e+01
7.800000e+01	2.683997e+00	6.706649e+00	1.685667e-01	5.853381e+00	-3.746860e+01	-9.032921e+01	-2.645061e-01	-1.423049e+01
7.950000e+01	2.591464e+00	6.501536e+00	2.122618e-01	5.786890e+00	-3.728244e+01	-8.998728e+01	-3.689427e-01	-1.408805e+01
8.100000e+01	2.506847e+00	6.290618e+00	2.547393e-01	5.716313e+00	-3.706434e+01	-8.956579e+01	-4.741318e-01	-1.393226e+01
8.250000e+01	2.435148e+00	6.094612e+00	2.883688e-01	5.650028e+00	-3.682661e+01	-8.907596e+01	-5.711849e-01	-1.377236e+01
8.400000e+01	2.357710e+00	5.908577e+00	3.205456e-01	5.581348e+00	-3.656629e+01	-8.852841e+01	-6.575341e-01	-1.361222e+01
8.550000e+01	2.276359e+00	5.718203e+00	3.550552e-01	5.506298e+00	-3.627840e+01	-8.792030e+01	-7.411275e-01	-1.344470e+01
8.700000e+01	2.204874e+00	5.531685e+00	3.852307e-01	5.431636e+00	-3.597018e+01	-8.725300e+01	-8.218978e-01	-1.327009e+01
8.850000e+01	2.137675e+00	5.357554e+00	4.103373e-01	5.358774e+00	-3.564661e+01	-8.653667e+01	-8.941159e-01	-1.309481e+01
9.000000e+01	2.065871e+00	5.186951e+00	4.358931e-01	5.282460e+00	-3.530381e+01	-8.577530e+01	-9.600034e-01	-1.291764e+01
9.150000e+01	1.996370e+00	5.015967e+00	4.609375e-01	5.203575e+00	-3.494227e+01	-8.496769e+01	-1.023603e+00	-1.273500e+01
9.300000e+01	1.933825e+00	4.852463e+00	4.817346e-01	5.126175e+00	-3.456770e+01	-8.411864e+01	-1.082448e+00	-1.254973e+01
9.450000e+01	1.871509e+00	4.696942e+00	5.002999e-01	5.048686e+00	-3.418086e+01	-8.323478e+01	-1.134577e+00	-1.236452e+01
9.600000e+01	1.807838e+00	4.543138e+00	5.190332e-01	4.968789e+00	-3.377986e+01	-8.231733e+01	-1.182840e+00	-1.217719e+01
9.750000e+01	1.748330e+00	4.392397e+00	5.358571e-01	4.888639e+00	-3.336725e+01	-8.136745e+01	-1.228308e+00	-1.198701e+01
9.900000e+01	1.692448e+00	4.248905e+00	5.497238e-01	4.809617e+00	-3.294616e+01	-8.039011e+01	-1.268858e+00	-1.179658e+01
1.005000e+02	1.636092e+00	4.110206e+00	5.626925e-01	4.729902e+00	-3.251603e+01	-7.938892e+01	-1.304730e+00	-1.160625e+01
1.020000e+02	1.580813e+00	3.973674e+00	5.750852e-01	4.649229e+00	-3.207688e+01	-7.836471e+01	-1.337821e+00	-1.141458e+01
1.035000e+02	1.529159e+00	3.841756e+00	5.854087e-01	4.569251e+00	-3.163122e+01	-7.731990e+01	-1.367778e+00	-1.122225e+01
1.050000e+02	1.479106e+00	3.715494e+00	5.940105e-01	4.489875e+00	-3.118027e+01	-7.625828e+01	-1.393629e+00	-1.103068e+01
1.065000e+02	1.429250e+00	3.592525e+00	6.020480e-01	4.410068e+00	-3.072368e+01	-7.518174e+01	-1.416269e+00	-1.083942e+01
1.080000e+02	1.381446e+00	3.472556e+00	6.090746e-01	4.330359e+00	-3.026238e+01	-7.409150e+01	-1.436564e+00	-1.064793e+01
1.095000e+02	1.336104e+00	3.357239e+00	6.144534e-01	4.251553e+00	-2.979809e+01	-7.299010e+01	-1.453835e+00	-1.045720e+01
1.110000e+02	1.291620e+00	3.246086e+00	6.188693e-01	4.173131e+00	-2.933113e+01	-7.188001e+01	-1.468033e+00	-1.026766e+01
1.125000e+02	1.248076e+00	3.137788e+00	6.227054e-01	4.094792e+00	-2.886166e+01	-7.076247e+01	-1.479957e+00	-1.007883e+01
1.140000e+02	1.206561e+00	3.032890e+00	6.254417e-01	4.017152e+00	-2.839077e+01	-6.963891e+01	-1.489676e+00	-9.890906e+00
1.155000e+02	1.166604e+00	2.931996e+00	6.271163e-01	3.940316e+00	-2.791934e+01	-6.851149e+01	-1.497008e+00	-9.704349e+00
1.170000e+02	1.127444e+00	2.834314e+00	6.281321e-01	3.863979e+00	-2.744756e+01	-6.738167e+01	-1.502009e+00	-9.519385e+00
1.185000e+02	1.089577e+00	2.739420e+00	6.285421e-01	3.788161e+00	-2.697585e+01	-6.625054e+01	-1.505317e+00	-9.335619e+00
1.200000e+02	1.053340e+00	2.647831e+00	6.280462e-01	3.713253e+00	-2.650507e+01	-6.511949e+01	-1.506738e+00	-9.153456e+00
1.215000e+02	1.018183e+00	2.559510e+00	6.268408e-01	3.639160e+00	-2.603566e+01	-6.399001e+01	-1.506228e+00	-8.973170e+00
1.230000e+02	9.839401e-01	2.473890e+00	6.251655e-01	3.565710e+00	-2.556780e+01	-6.286313e+01	-1.504138e+00	-8.794624e+00
1.245000e+02	9.509930e-01	2.390977e+00	6.228906e-01	3.493095e+00	-2.510202e+01	-6.173978e+01	-1.500616e+00	-8.617847e+00
1.260000e+02	9.192759e-01	2.311004e+00	6.199564e-01	3.421451e+00	-2.463884e+01	-6.062111e+01	-1.495563e+00	-8.443110e+00
1.275000e+02	8.884530e-01	2.233717e+00	6.165932e-01	3.350617e+00	-2.417847e+01	-5.950816e+01	-1.489194e+00	-8.270381e+00
1.290000e+02	8.586013e-01	2.158842e+00	6.128097e-01	3.280632e+00	-2.372120e+01	-5.840163e+01	-1.481604e+00	-8.099712e+00
1.305000e+02	8.298776e-01	2.086476e+00	6.085389e-01	3.211617e+00	-2.326744e+01	-5.730234e+01	-1.472878e+00	-7.931158e+00
1.320000e+02	8.021114e-01	2.016627e+00	6.038356e-01	3.143573e+00	-2.281747e+01	-5.621113e+01	-1.463026e+00	-7.764842e+00
1.335000e+02	7.751721e-01	1.949058e+00	5.988230e-01	3.076424e+00	-2.237147e+01	-5.512870e+01	-1.452214e+00	-7.600731e+00
1.350000e+02	7.491611e-01	1.883675e+00	5.934739e-01	3.010232e+00	-2.192969e+01	-5.405558e+01	-1.440513e+00	-7.438861e+00
1.365000e+02	7.240831e-01	1.820528e+00	5.877695e-01	2.945058e+00	-2.149240e+01	-5.299241e+01	-1.427944e+00	-7.279314e+00
1.380000e+02	6.998027e-01	1.759522e+00	5.817786e-01	2.880872e+00	-2.105979e+01	-5.193976e+01	-1.414561e+00	-7.122136e+00
1.395000e+02	6.762986e-01	1.700504e+00	5.755797e-01	2.817627e+00	-2.063196e+01	-5.089810e+01	-1.400549e+00	-6.967235e+00
1.410000e+02	6.536209e-01	1.643449e+00	5.691177e-01	2.755405e+00	-2.020915e+01	-4.986784e+01	-1.385865e+00	-6.814728e+00
1.425000e+02	6.317161e-01	1.588342e+00	5.624284e-01	2.694200e+00	-1.979150e+01	-4.884942e+01	-1.370583e+00	-6.664617e+00
1.440000e+02	6.105109e-01	1.535073e+00	5.555408e-01	2.634005e+00	-1.937912e+01	-4.784319e+01	-1.354714e+00	-6.516958e+00
1.455000e+02	5.900153e-01	1.483560e+00	5.485337e-01	2.574767e+00	-1.897209e+01	-4.684951e+01	-1.338489e+00	-6.371588e+00
1.470000e+02	5.702309e-01	1.433782e+00	5.413198e-01	2.516587e+00	-1.857060e+01	-4.586860e+01	-1.321728e+00	-6.228729e+00
1.485000e+02	5.511024e-01	1.385689e+00	5.340006e-01	2.459386e+00	-1.817466e+01	-4.490079e+01	-1.304653e+00	-6.088218e+00
1.500000e+02	5.325988e-01	1.339193e+00	5.265573e-01	2.403194e+00	-1.778439e+01	-4.394628e+01	-1.287201e+00	-5.950156e+00


Timepoint   	           1	           2	 00001/00001	 00002/00001	 00001/00002	 00002/00002	 00001/00003	 00002/00003
0.000000e+00	0.000000e+00	0.000000e+00	0.000000e+00	0.000000e+00	0.000000e+00	0.000000e+00	0.000000e+00	0.000000e+00
1.500000e+00	4.589612e-01	3.393912e-01	-1.719197e-01	1.802581e-01	-2.240294e-01	-1.250735e-01	1.025406e-01	-1.061461e-01
3.000000e+00	6.229053e-01	9.041374e-01	-3.214319e-01	3.612226e-01	-5.700821e-01	-5.968325e-01	3.921183e-01	-4.248765e-01
4.500000e+00	5.533918e-01	1.155487e+00	-2.999430e-01	3.778233e-01	-7.865758e-01	-1.168085e+00	5.849160e-01	-6.782390e-01
6.000000e+00	8.634905e-01	1.414316e+00	-3.769632e-01	4.930283e-01	-1.102146e+00	-1.740698e+00	6.853637e-01	-8.542546e-01
7.500000e+00	1.337276e+00	2.128436e+00	-6.224183e-01	7.983244e-01	-1.721456e+00	-2.638076e+00	9.750767e-01	-1.241226e+00
9.000000e+00	1.329102e+00	2.741173e+00	-6.956025e-01	9.534333e-01	-2.306443e+00	-3.866590e+00	1.330468e+00	-1.736365e+00
1.050000e+01	1.345285e+00	2.931764e+00	-6.443803e-01	9.815582e-01	-2.750849e+00	-5.056292e+00	1.461107e+00	-2.036522e+00
1.200000e+01	1.962539e+00	3.488405e+00	-8.569542e-01	1.281116e+00	-3.506725e+00	-6.360410e+00	1.625345e+00	-2.383227e+00
1.350000e+01	2.364337e+00	4.497310e+00	-1.129855e+00	1.675504e+00	-4.538478e+00	-8.181909e+00	2.071562e+00	-3.049598e+00
1.500000e+01	2.183441e+00	5.001716e+00	-1.083272e+00	1.764347e+00	-5.337748e+00	-1.021227e+01	2.402930e+00	-3.652943e+00
1.650000e+01	2.509995e+00	5.260820e+00	-1.097687e+00	1.905876e+00	-6.145983e+00	-1.211773e+01	2.477257e+00	-4.020419e+00
1.800000e+01	3.352862e+00	6.283220e+00	-1.468004e+00	2.428418e+00	-7.466958e+00	-1.439962e+01	2.806582e+00	-4.662353e+00
1.950000e+01	3.457644e+00	7.389795e+00	-1.644328e+00	2.796304e+00	-8.839656e+00	-1.727132e+01	3.360643e+00	-5.587471e+00
2.100000e+01	3.275874e+00	7.680487e+00	-1.494762e+00	2.835756e+00	-9.867258e+00	-2.009663e+01	3.563590e+00	-6.210382e+00
2.250000e+01	3.923105e+00	8.166089e+00	-1.644378e+00	3.169130e+00	-1.116434e+01	-2.285091e+01	3.634859e+00	-6.711256e+00
2.400000e+01	4.464743e+00	9.300301e+00	-1.959911e+00	3.702964e+00	-1.284308e+01	-2.612301e+01	4.046061e+00	-7.580562e+00
2.550000e+01	4.208247e+00	9.905186e+00	-1.890686e+00	3.868714e+00	-1.424109e+01	-2.964485e+01	4.384233e+00	-8.428525e+00
2.700000e+01	4.233592e+00	9.941669e+00	-1.751576e+00	3.945504e+00	-1.544985e+01	-3.288026e+01	4.337716e+00	-8.907555e+00
2.850000e+01	4.792596e+00	1.045403e+01	-1.927453e+00	4.339967e+00	-1.699028e+01	-3.615560e+01	4.370133e+00	-9.459332e+00
3.000000e+01	4.873949e+00	1.114375e+01	-2.023584e+00	4.676483e+00	-1.858705e+01	-3.975758e+01	4.608236e+00	-1.023619e+01
3.150000e+01	4.594844e+00	1.121865e+01	-1.841247e+00	4.727135e+00	-1.985898e+01	-4.324829e+01	4.619926e+00	-1.080510e+01
3.300000e+01	4.781870e+00	1.119577e+01	-1.784397e+00	4.884953e+00	-2.114180e+01	-4.646387e+01	4.443008e+00	-1.117161e+01
3.450000e+01	5.075012e+00	1.159063e+01	-1.895314e+00	5.216898e+00	-2.263201e+01	-4.977456e+01	4.440038e+00	-1.169948e+01
3.600000e+01	4.899338e+00	1.181503e+01	-1.823958e+00	5.371245e+00	-2.396905e+01	-5.315509e+01	4.472614e+00	-1.226843e+01
3.750000e+01	4.743014e+00	1.163405e+01	-1.649439e+00	5.404312e+00	-2.508961e+01	-5.626359e+01	4.288719e+00	-1.261205e+01
3.900000e+01	4.933282e+00	1.162146e+01	-1.641204e+00	5.591819e+00	-2.630235e+01	-5.919421e+01	4.090752e+00	-1.291542e+01
4.050000e+01	4.966233e+00	1.180112e+01	-1.651208e+00	5.800709e+00	-2.755288e+01	-6.217179e+01	4.031490e+00	-1.334284e+01
4.200000e+01	4.734650e+00	1.170130e+01	-1.506335e+00	5.846371e+00	-2.859628e+01	-6.502390e+01	3.902607e+00	-1.369173e+01
4.350000e+01	4.689498e+00	1.145884e+01	-1.385047e+00	5.897213e+00	-2.954820e+01	-6.759974e+01	3.649799e+00	-1.389235e+01
4.500000e+01	4.780040e+00	1.142546e+01	-1.375239e+00	6.052628e+00	-3.056836e+01	-7.007188e+01	3.466540e+00	-1.413481e+01
4.650000e+01	4.657328e+00	1.138747e+01	-1.305794e+00	6.145314e+00	-3.150952e+01	-7.249747e+01	3.342190e+00	-1.441932e+01
4.800000e+01	4.474341e+00	1.113243e+01	-1.160218e+00	6.147655e+00	-3.228568e+01	-7.470979e+01	3.127338e+00	-1.459370e+01
4.950000e+01	4.468472e+00	1.090613e+01	-1.083665e+00	6.204780e+00	-3.304182e+01	-7.670855e+01	2.881287e+00	-1.470766e+01
5.100000e+01	4.444441e+00	1.081000e+01	-1.043161e+00	6.292612e+00	-3.379958e+01	-7.862807e+01	2.710379e+00	-1.487161e+01
5.250000e+01	4.273783e+00	1.062005e+01	-9.415188e-01	6.310791e+00	-3.444522e+01	-8.041763e+01	2.537302e+00	-1.501402e+01
5.400000e+01	4.155012e+00	1.032904e+01	-8.250371e-01	6.300021e+00	-3.498541e+01	-8.199823e+01	2.306319e+00	-1.507368e+01
5.550000e+01	4.131141e+00	1.012321e+01	-7.730182e-01	6.343430e+00	-3.552761e+01	-8.342214e+01	2.091664e+00	-1.512221e+01
5.700000e+01	4.031743e+00	9.955004e+00	-7.088923e-01	6.368704e+00	-3.601361e+01	-8.476217e+01	1.925323e+00	-1.519674e+01
5.850000e+01	3.876503e+00	9.694253e+00	-6.043596e-01	6.343123e+00	-3.640682e+01	-8.593337e+01	1.733647e+00	-1.522510e+01
6.000000e+01	3.795985e+00	9.422082e+00	-5.230549e-01	6.329005e+00	-3.674227e+01	-8.693482e+01	1.521055e+00	-1.520762e+01
6.150000e+01	3.735384e+00	9.219778e+00	-4.719938e-01	6.337642e+00	-3.706137e+01	-8.782457e+01	1.343857e+00	-1.520190e+01
6.300000e+01	3.609165e+00	9.000786e+00	-3.980749e-01	6.316267e+00	-3.731390e+01	-8.860589e+01	1.182668e+00	-1.519244e+01
6.450000e+01	3.487675e+00	8.729716e+00	-3.127896e-01	6.273481e+00	-3.749158e+01	-8.923736e+01	9.998309e-01	-1.514073e+01
6.600000e+01	3.417401e+00	8.487627e+00	-2.541579e-01	6.248581e+00	-3.764131e+01	-8.973733e+01	8.230844e-01	-1.507308e+01
6.750000e+01	3.329396e+00	8.279339e+00	-2.016504e-01	6.223585e+00	-3.775850e+01	-9.014398e+01	6.744750e-01	-1.501413e+01
6.900000e+01	3.208820e+00	8.041299e+00	-1.340933e-01	6.176113e+00	-3.781326e+01	-9.044033e+01	5.242943e-01	-1.493612e+01
7.050000e+01	3.114637e+00	7.790446e+00	-6.898802e-02	6.122967e+00	-3.782140e+01	-9.061326e+01	3.678383e-01	-1.483316e+01
7.200000e+01	3.040807e+00	7.572438e+00	-2.309327e-02	6.082487e+00	-3.780730e+01	-9.068902e+01	2.267103e-01	-1.472750e+01
7.350000e+01	2.943503e+00	7.361132e+00	2.699582e-02	6.032252e+00	-3.775424e+01	-9.068159e+01	1.009003e-01	-1.462135e+01
7.500000e+01	2.841051e+00	7.129745e+00	8.414030e-02	5.968410e+00	-3.765311e+01	-9.057617e+01	-2.798100e-02	-1.449690e+01
7.650000e+01	2.762138e+00	6.907417e+00	1.331124e-01	5.906588e+00	-3.752117e+01	-9.037930e+01	-1.511771e-01	-1.436249e+01
7.800000e+01	2.683997e+00	6.706649e+00	1.683941e-01	5.853261e+00	-3.737210e+01	-9.010325e+01	-2.652893e-01	-1.422322e+01
7.950000e+01	2.591464e+00	6.501535e+00	2.129433e-01	5.785970e+00	-3.718335e+01	-8.975786e+01	-3.688352e-01	-1.408155e+01
8.100000e+01	2.506847e+00	6.290618e+00	2.547545e-01	5.716068e+00	-3.696436e+01	-8.933157e+01	-4.746212e-01	-1.392508e+01
8.250000e+01	2.435148e+00	6.094612e+00	2.881938e-01	5.649951e+00	-3.672530e+01	-8.883770e+01	-5.718153e-01	-1.376501e+01
8.400000e+01	2.357710e+00	5.908577e+00	3.204060e-01	5.581248e+00	-3.646353e+01	-8.828650e+01	-6.580789e-01	-1.360489e+01
8.550000e+01	2.276359e+00	5.718203e+00	3.548738e-01	5.506268e+00	-3.617433e+01	-8.767486e+01	-7.416678e-01	-1.343730e+01
8.700000e+01	2.204874e+00	5.531685e+00	3.849528e-01	5.431651e+00	-3.586497e+01	-8.700426e+01	-8.229631e-01	-1.326219e+01
8.850000e+01	2.137675e+00	5.357554e+00	4.111454e-01	5.357815e+00	-3.553928e+01	-8.628573e+01	-8.945134e-01	-1.308747e+01
9.000000e+01	2.065871e+00	5.186950e+00	4.356166e-01	5.282543e+00	-3.519517e+01	-8.552174e+01	-9.604783e-01	-1.291019e+01
9.150000e+01	1.996370e+00	5.015967e+00	4.605056e-01	5.203822e+00	-3.483382e+01	-8.471035e+01	-1.023970e+00	-1.272761e+01
9.300000e+01	1.933825e+00	4.852463e+00	4.816887e-01	5.126068e+00	-3.445809e+01	-8.385911e+01	-1.082633e+00	-1.254248e+01
9.450000e+01	1.871509e+00	4.696942e+00	4.992703e-01	5.049555e+00	-3.407144e+01	-8.297202e+01	-1.135646e+00	-1.235637e+01
9.600000e+01	1.807838e+00	4.543138e+00	5.189857e-01	4.968718e+00	-3.366879e+01	-8.205341e+01	-1.183028e+00	-1.216988e+01
9.750000e+01	1.748330e+00	4.392397e+00	5.357021e-01	4.888679e+00	-3.325551e+01	-8.110170e+01	-1.228394e+00	-1.197979e+01
9.900000e+01	1.692448e+00	4.248905e+00	5.497343e-01	4.809512e+00	-3.283355e+01	-8.012297e+01	-1.268894e+00	-1.178939e+01
1.005000e+02	1.636092e+00	4.110206e+00	5.627082e-01	4.729813e+00	-3.240322e+01	-7.912004e+01	-1.304799e+00	-1.159902e+01
1.020000e+02	1.580813e+00	3.973674e+00	5.749395e-01	4.649317e+00	-3.196368e+01	-7.809452e+01	-1.337858e+00	-1.140738e+01
1.035000e+02	1.529159e+00	3.841756e+00	5.861086e-01	4.568541e+00	-3.151679e+01	-7.704944e+01	-1.367808e+00	-1.121505e+01
1.050000e+02	1.479106e+00	3.715494e+00	5.938425e-01	4.490014e+00	-3.106645e+01	-7.598605e+01	-1.393586e+00	-1.102355e+01
1.065000e+02	1.429250e+00	3.592525e+00	6.021089e-01	4.409992e+00	-3.060946e+01	-7.490896e+01	-1.416218e+00	-1.083231e+01
1.080000e+02	1.381446e+00	3.472556e+00	6.089811e-01	4.330445e+00	-3.014871e+01	-7.381745e+01	-1.436609e+00	-1.064073e+01
1.095000e+02	1.336104e+00	3.357239e+00	6.142610e-01	4.251743e+00	-2.968393e+01	-7.271608e+01	-1.453719e+00	-1.045017e+01
1.110000e+02	1.291620e+00	3.246086e+00	6.187385e-01	4.173274e+00	-2.921684e+01	-7.160585e+01	-1.467887e+00	-1.026069e+01
1.125000e+02	1.248076e+00	3.137788e+00	6.210860e-01	4.096405e+00	-2.874790e+01	-7.048777e+01	-1.480277e+00	-1.007145e+01
1.140000e+02	1.206561e+00	3.032890e+00	6.256455e-01	4.017135e+00	-2.827670e+01	-6.936470e+01	-1.489624e+00	-9.883895e+00
1.155000e+02	1.166604e+00	2.931996e+00	6.276616e-01	3.939871e+00	-2.780537e+01	-6.823756e+01	-1.496716e+00	-9.697597e+00
1.170000e+02	1.127444e+00	2.834314e+00	6.280315e-01	3.864161e+00	-2.733380e+01	-6.710812e+01	-1.499386e+00	-9.514894e+00
1.185000e+02	1.089577e+00	2.739420e+00	6.281664e-01	3.788513e+00	-2.686199e+01	-6.597790e+01	-1.506060e+00	-9.328350e+00
1.200000e+02	1.053340e+00	2.647831e+00	6.277578e-01	3.713657e+00	-2.639188e+01	-6.484710e+01	-1.506248e+00	-9.146967e+00
1.215000e+02	1.018183e+00	2.559510e+00	6.270656e-01	3.639128e+00	-2.592294e+01	-6.371830e+01	-1.505542e+00	-8.966908e+00
1.230000e+02	9.839402e-01	2.473890e+00	6.253947e-01	3.565619e+00	-2.545538e+01	-6.259225e+01	-1.503801e+00	-8.788083e+00
1.245000e+02	9.509930e-01	2.390977e+00	6.227183e-01	3.493356e+00	-2.499116e+01	-6.147005e+01	-1.500334e+00	-8.611318e+00
1.260000e+02	9.192760e-01	2.311004e+00	6.198362e-01	3.421713e+00	-2.452747e+01	-6.035251e+01	-1.495259e+00	-8.436627e+00
1.275000e+02	8.884530e-01	2.233717e+00	6.163639e-01	3.351033e+00	-2.406783e+01	-5.924066e+01	-1.488928e+00	-8.263883e+00
1.290000e+02	8.586013e-01	2.158842e+00	6.127002e-01	3.280921e+00	-2.361112e+01	-5.813547e+01	-1.481200e+00	-8.093411e+00
1.305000e+02	8.298776e-01	2.086476e+00	6.085386e-01	3.211798e+00	-2.315791e+01	-5.703767e+01	-1.472381e+00	-7.925003e+00
1.320000e+02	8.021114e-01	2.016627e+00	6.038911e-01	3.143695e+00	-2.270868e+01	-5.594797e+01	-1.462459e+00	-7.758829e+00
1.335000e+02	7.751721e-01	1.949058e+00	5.987678e-01	3.076681e+00	-2.226346e+01	-5.486710e+01	-1.451727e+00	-7.594679e+00
1.350000e+02	7.491611e-01	1.883675e+00	5.933417e-01	3.010577e+00	-2.182246e+01	-5.379566e+01	-1.440101e+00	-7.432782e+00
1.365000e+02	7.240831e-01	1.820528e+00	5.878092e-01	2.945235e+00	-2.138577e+01	-5.273446e+01	-1.427358e+00	-7.273471e+00
1.380000e+02	6.998027e-01	1.759522e+00	5.817732e-01	2.881064e+00	-2.095395e+01	-5.168374e+01	-1.414045e+00	-7.116324e+00
1.395000e+02	6.762987e-01	1.700504e+00	5.754719e-01	2.817948e+00	-2.052725e+01	-5.064376e+01	-1.400080e+00	-6.961415e+00
1.410000e+02	6.536209e-01	1.643449e+00	5.691096e-01	2.755720e+00	-2.010527e+01	-4.961547e+01	-1.385297e+00	-6.808981e+00
1.425000e+02	6.317161e-01	1.588342e+00	5.623695e-01	2.694485e+00	-1.968838e+01	-4.859929e+01	-1.370058e+00	-6.658980e+00
1.440000e+02	6.105109e-01	1.535073e+00	5.555423e-01	2.634263e+00	-1.927682e+01	-4.759533e+01	-1.354187e+00	-6.511362e+00
1.455000e+02	5.900153e-01	1.483560e+00	5.484766e-01	2.575047e+00	-1.887105e+01	-4.660359e+01	-1.337935e+00	-6.366124e+00
1.470000e+02	5.702309e-01	1.433782e+00	5.412369e-01	2.516907e+00	-1.847035e+01	-4.562508e+01	-1.321259e+00	-6.223237e+00
1.485000e+02	5.511024e-01	1.385689e+00	5.340297e-01	2.459642e+00	-1.807540e+01	-4.465960e+01	-1.304014e+00	-6.082920e+00
1.500000e+02	5.325988e-01	1.339193e+00	5.265283e-01	2.403472e+00	-1.768619e+01	-4.370740e+01	-1.286626e+00	-5.944901e+00


