  Start data:
  N =    3

  Format: iteration-number, (x(i),i=1,...N), Normf , Normx 

  Initial data:

     0
              0.1000000000D+01   0.2000000000D+01   0.5000000000D+01
              0.8233415829D+02   0.6987689543D+02
  Intermediate data:

     1
              0.1767707817D+01   0.3856189046D+01   0.4406295142D+01
              0.8147257920D+02   0.4390913633D+02
     2
              0.3159832816D+01   0.4909165869D+01   0.3751223118D+01
              0.7847901905D+02   0.2438952540D+02
     3
              0.8547979153D+01   0.5520088065D+01   0.4119638686D+01
              0.4619916963D+02   0.9814474202D+01
     4
              0.4698863146D+02   0.8418084464D+01   0.7806039604D+01
              0.5595085559D+01   0.1194529584D+01
     5
              0.1023143900D+03   0.9693599641D+01   0.1094727393D+02
              0.4334899329D+00   0.6203147839D-01
     6
              0.9968919166D+02   0.9984964450D+01   0.1004438997D+02
              0.6815160096D-02   0.3143777150D-02
     7
              0.9999889016D+02   0.1000006251D+02   0.9999991957D+01
              0.6742029564D-02   0.8954777764D-05
  Solution data:

     8
              0.9999984897D+02   0.9999951178D+01   0.1000004127D+02
              0.6742029564D-02   0.8954777764D-05
  End data:

